emitter:
    size: [1.000000, 0.000000, 0.000000]
    name: "smoke"
    type: "rect"
    emissionVectorInverted: true
    shortEffect: false
    emissionAngle: 60.000000
    emissionRange: 80.000000
    emissionVector: [0.100000, -0.010000, 1.000000]
    radius: 2.000000
layer0:
    name: "smoke"
    enableFog: true
    sprite: "../../../../Data/Gfx/Particles/alpha/explosion_smoke_white"
    type: "layer"
    lifeVariation: 3.000000
    isLong: false
    layerType: "particles"
    blending: 1
    degradeStrategy: 2
    pivotPoint: [0.000000, 0.000000]
    loopVariation: 0.000000
    angle: 180.000000
    enableFrameBlend: false
    scaleVelocityBase: 1.000000
    forceCount: 1
    scaleVelocityFactor: 0.000000
    life: 5.000000
    number: 50.000000
    size: [1.000000, 1.000000]
    velocityVariation: 1.000000
    sizeOverLifeXY: [0.000000, [3.445100, 3.445100], 0.355700, [3.504900, 3.504900], 0.993300, [5.040900, 5.040900]]
    velocity: 3.000000
    velocityOverLife: [0.000000, 1.000000, 0.127100, 0.554600, 0.420000, 0.100000, 0.896300, 0.131400]
    spin: [0.000000, 5.000000, 0.100000, 3.333300]
    angleVariation: 180.000000
    spinOverLife: [0.000000, 1.000000, 0.300000, 0.000000]
    randomSpinDirection: false
    alphaOverLife: [0.000000, 0.000000, 0.090000, 0.800000, 0.799300, 0.000000, 0.990000, 0.000000]
    colorOverLife: [0.000000, [95.000000, 89.000000, 75.000000, 255.000000], 0.997900, [93.000000, 93.000000, 93.000000, 255.000000]]
    frameOverLifeEnabled: false
    frameOverLifeFPS: 0.000000
    randomFrameOnStart: false
    loopSpriteAnimation: false
    deltaTime: 0.000000
    startTime: 0.000000
    endTime: 0.100000
    isLooped: false
    deltaVariation: 0.000000
    loopEndTime: 0.000000
    inheritPosition: false
    particleOrientation: 1
    activeLODS: [0, 1, 1, 0]
    effectFormat: 1
    force0: [0.000000, [0.000000, 0.000000, -2.000000], 0.300000, [0.010000, 0.000000, 0.000000], 0.900000, [0.000000, 0.000000, -0.938700]]
