emitter:
    size: [1.000000, 1.200000, 0.000000]
    name: "smoke"
    type: "oncircle"
    emissionVectorInverted: true
    shortEffect: false
    emissionAngle: 1.000000
    emissionRange: 10.000000
    emissionVector: [0.000000, 0.000000, 1.000000]
    radius: 0.300000
layer0:
    name: "smoke"
    enableFog: true
    sprite: "../../../../Data/Gfx/Particles/alpha/fog_white"
    type: "layer"
    lifeVariation: 7.000000
    isLong: false
    layerType: "particles"
    blending: 1
    degradeStrategy: 0
    pivotPoint: [0.000000, 0.000000]
    loopVariation: 0.500000
    angle: 120.000000
    enableFrameBlend: false
    scaleVelocityBase: 1.000000
    scaleVelocityFactor: 0.000000
    life: 4.000000
    number: 3.000000
    numberVariation: 3.000000
    size: [0.500000, 0.500000]
    sizeVariation: [0.500000, 0.500000]
    velocityVariation: 0.009000
    sizeOverLifeXY: [0.000000, [0.200000, 0.200000], 0.990000, [4.000000, 4.000000]]
    velocity: 0.461300
    randomSpinDirection: false
    angleVariation: 120.000000
    alphaOverLife: [0.000000, 0.000000, 0.140000, 0.500000, 0.671700, 0.221900, 0.990000, 0.000000]
    colorOverLife: [225.000000, 226.000000, 226.000000, 255.000000]
    frameOverLifeEnabled: false
    frameOverLifeFPS: 10.000000
    randomFrameOnStart: false
    loopSpriteAnimation: false
    deltaTime: 0.500000
    startTime: 0.000000
    endTime: 6.000000
    isLooped: true
    deltaVariation: 0.500000
    loopEndTime: 200.000000
    inheritPosition: false
    particleOrientation: 1
    activeLODS: [0, 1, 1, 0]
    effectFormat: 1
