emitter:
    size: [0.000000, 0.000000, 0.000000]
    name: "dust"
    type: "point"
    emissionVectorInverted: true
    shortEffect: false
    emissionAngle: 60.000000
    emissionRange: 10.000000
    emissionVector: [0.100000, -0.010000, 1.000000]
    radius: 2.000000
layer0:
    name: "dust"
    enableFog: true
    sprite: "../../../../Data/Gfx/Particles/alpha/fog_white"
    type: "layer"
    isLong: true
    layerType: "particles"
    blending: 1
    degradeStrategy: 2
    pivotPoint: [0.000000, 0.000000]
    loopVariation: 0.000000
    angle: 180.000000
    enableFrameBlend: false
    scaleVelocityBase: 1.000000
    scaleVelocityFactor: 0.600000
    life: 3.000000
    number: 20.000000
    size: [0.500000, 0.500000]
    sizeVariation: [1.000000, 1.000000]
    velocity: 1.000000
    velocityVariation: 1.000000
    velocityOverLife: [0.000000, 2.000000, 0.052500, 0.587800, 0.420000, 0.100000, 0.896300, 0.131400]
    randomSpinDirection: false
    angleVariation: 180.000000
    alphaOverLife: [0.000000, 0.000000, 0.050000, 1.000000, 0.377900, 0.699300, 0.799300, 0.000000, 0.990000, 0.000000]
    colorOverLife: [245.000000, 234.000000, 255.000000, 255.000000]
    frameOverLifeEnabled: false
    frameOverLifeFPS: 0.000000
    randomFrameOnStart: false
    loopSpriteAnimation: true
    deltaTime: 0.000000
    startTime: 0.000000
    endTime: 0.300000
    isLooped: false
    deltaVariation: 0.000000
    loopEndTime: 0.000000
    inheritPosition: false
    particleOrientation: 1
    activeLODS: [0, 1, 1, 0]
    effectFormat: 1
