emitter:
    size: [0.100000, 0.000000, 4.000000]
    name: "snow"
    type: "rect"
    emissionVectorInverted: true
    shortEffect: false
    emissionAngle: 0.000000
    emissionVector: [0.000000, 0.000000, 1.000000]
    emissionRange: 30.000000
layer0:
    name: "snow"
    enableFog: true
    sprite: "../../../../Data/Gfx/Particles/alpha/fog_white"
    type: "layer"
    isLong: false
    layerType: "particles"
    blending: 1
    degradeStrategy: 2
    pivotPoint: [0.000000, 0.000000]
    loopVariation: 0.000000
    enableFrameBlend: false
    scaleVelocityBase: 1.000000
    forceCount: 2
    scaleVelocityFactor: 0.000000
    life: 6.000000
    number: 30.000000
    spinVariation: 20.000000
    size: [2.008700, 2.000000]
    sizeOverLifeXY: [0.000000, [1.000000, 1.000000], 1.000000, [2.000000, 2.000000]]
    velocity: 0.010000
    spin: 20.000000
    randomSpinDirection: true
    alphaOverLife: [0.000000, 0.605800, 0.990000, 0.000000]
    colorOverLife: [193.000000, 213.000000, 231.000000, 255.000000]
    frameOverLifeEnabled: false
    frameOverLifeFPS: 0.000000
    randomFrameOnStart: false
    loopSpriteAnimation: true
    deltaTime: 0.000000
    startTime: 0.000000
    endTime: 0.200000
    isLooped: false
    deltaVariation: 0.000000
    loopEndTime: 5.000000
    inheritPosition: false
    particleOrientation: 1
    activeLODS: [0, 1, 0, 0]
    effectFormat: 1
    force0: [0.000000, -0.300000, -2.000000]
    forceOverLife0: [0.000000, 0.000000, 1.000000, 0.500000]
    force1: [0.000000, 0.000000, 0.000000]
