emitter:
    size: [4.000000, 1.000000, 0.000000]
    name: "dust"
    type: "rect"
    emissionVectorInverted: true
    shortEffect: false
    emissionAngle: 60.000000
    emissionRange: 90.000000
    emissionVector: [0.000000, 0.000000, 1.000000]
    radius: 2.000000
layer0:
    name: "dust"
    enableFog: true
    sprite: "../../../../Data/Gfx/Particles/alpha/fog_white"
    type: "layer"
    isLong: false
    layerType: "particles"
    blending: 1
    degradeStrategy: 2
    pivotPoint: [0.000000, 0.000000]
    loopVariation: 0.000000
    angle: 180.000000
    enableFrameBlend: false
    scaleVelocityBase: 1.000000
    forceCount: 2
    scaleVelocityFactor: 0.000000
    life: 3.000000
    number: 20.000000
    size: [0.500000, 0.500000]
    sizeVariation: [1.000000, 1.000000]
    velocityVariation: 0.500000
    sizeOverLifeXY: [0.000000, [3.445100, 3.445100], 0.355700, [3.504900, 3.504900], 0.900000, [4.240400, 4.240400]]
    velocity: 0.500000
    velocityOverLife: [0.000000, 2.000000, 0.052500, 0.587800, 0.414000, -0.008200, 0.900000, 0.000000]
    spin: [0.000000, 5.000000, 0.300000, 0.000000]
    angleVariation: 180.000000
    spinOverLife: [0.000000, 1.000000, 0.300000, 0.000000]
    randomSpinDirection: false
    alphaOverLife: [0.000000, 0.000000, 0.050000, 1.000000, 0.521300, 0.995600, 0.758100, 0.709500, 0.990000, 0.000000]
    colorOverLife: [194.000000, 210.000000, 226.000000, 255.000000]
    frameOverLifeEnabled: false
    frameOverLifeFPS: 0.000000
    randomFrameOnStart: false
    loopSpriteAnimation: false
    deltaTime: 0.000000
    startTime: 0.000000
    endTime: 0.300000
    isLooped: false
    deltaVariation: 0.000000
    loopEndTime: 5.000000
    inheritPosition: false
    particleOrientation: 1
    activeLODS: [0, 1, 0, 0]
    effectFormat: 1
    force0: [0.000000, [0.000000, 0.000000, -2.000000], 0.300000, [0.010000, 0.000000, 0.000000], 0.900000, [0.000000, 0.000000, -0.938700]]
    force1: [0.000000, 0.000000, 0.000000]
