emitter:
    emissionAngle: 0.000000
    emissionRange: 60.000000
    emissionVector: [0.000000, 0.000000, 1.000000]
    emissionVectorInverted: true
    name: "coin"
    shortEffect: false
    size: [1.000000, 2.000000, 0.200000]
    type: "rect"
layer0:
    activeLODS: [1, 1, 0, 0]
    angle: 90.000000
    angleVariation: 90.000000
    blending: 1
    degradeStrategy: 0
    deltaTime: 0.000000
    deltaVariation: 0.000000
    effectFormat: 1
    enableFog: false
    enableFrameBlend: false
    endTime: 0.100000
    force0: [0.000000, 0.000000, -14.000000]
    forceCount: 1
    frameOverLifeEnabled: true
    frameOverLifeFPS: 25.000000
    inheritPosition: false
    isLong: false
    isLooped: false
    layerType: "particles"
    life: 2.500000
    loopEndTime: 4.000000
    loopSpriteAnimation: true
    loopVariation: 0.000000
    name: "coin"
    number: 500.000000
    particleOrientation: 1
    pivotPoint: [0.000000, 0.000000]
    randomFrameOnStart: true
    randomSpinDirection: true
    scaleVelocityBase: 0.000000
    scaleVelocityFactor: 0.100000
    size: [0.100000, 0.100000]
    sizeVariation: [0.025000, 0.025000]
    spin: 400.000000
    spinVariation: 90.000000
    sprite: "../../../../Data/Gfx/Particles/21_mountain_mnt/coin"
    startTime: 0.000000
    type: "layer"
    velocity: 5.000000
    velocityOverLife: [0.000000, 1.000000, 0.093000, 0.560100, 0.996500, 0.507600]
    velocityVariation: 10.000000
