emitter:
    emissionAngle: 60.000000
    emissionRange: 120.000000
    emissionVector: [0.100000, -0.010000, 1.000000]
    emissionVectorInverted: true
    name: "smoke"
    radius: 2.000000
    shortEffect: false
    size: [1.000000, 0.000000, 0.000000]
    type: "rect"
layer0:
    activeLODS: [0, 1, 1, 0]
    alphaOverLife: [0.000000, 1.000000, 0.990000, 0.000000]
    angle: 1.000000
    angleVariation: 360.000000
    blending: 1
    colorOverLife: [0.000000, [111.000000, 104.000000, 88.000000, 255.000000], 0.997900, [93.000000, 93.000000, 93.000000, 255.000000]]
    degradeStrategy: 2
    deltaTime: 0.000000
    deltaVariation: 0.000000
    effectFormat: 1
    enableFog: true
    enableFrameBlend: false
    endTime: 0.100000
    frameOverLifeEnabled: false
    frameOverLifeFPS: 0.000000
    inheritPosition: false
    isLong: true
    isLooped: false
    layerType: "particles"
    life: 3.000000
    lifeVariation: 3.000000
    loopEndTime: 0.000000
    loopSpriteAnimation: false
    loopVariation: 0.000000
    name: "smoke"
    number: 50.000000
    particleOrientation: 1
    pivotPoint: [0.000000, 0.000000]
    randomFrameOnStart: false
    randomSpinDirection: false
    scaleVelocityBase: 1.000000
    scaleVelocityFactor: 0.000000
    size: [2.500000, 2.500000]
    sizeOverLifeXY: [0.000000, [2.000000, 2.000000], 1.000000, [4.000000, 4.000000]]
    sprite: "../../../../Data/Gfx/Particles/alpha/thick_smoke"
    startTime: 0.000000
    type: "layer"
    velocity: 3.000000
    velocityOverLife: [0.000000, 1.000000, 0.105300, 0.223500, 0.196700, 0.159100, 0.420000, 0.100000, 0.896300, 0.131400]
    velocityVariation: 3.000000
