emitter:
    size: [200.000000, 0.000000, 20.000000]
    name: "blue_sparks"
    type: "rect"
    emissionVectorInverted: true
    shortEffect: false
    emissionAngle: 0.000000
    emissionVector: [-0.600000, -1.000000, 0.000000]
    emissionRange: 60.000000
layer0:
    name: "sparks"
    enableFog: true
    sprite: "../../../../../../Data/Gfx/Particles/UI/treil"
    type: "layer"
    isLong: true
    layerType: "particles"
    blending: 3
    degradeStrategy: 0
    pivotPoint: [6.000000, -6.000000]
    loopVariation: 0.000000
    enableFrameBlend: false
    scaleVelocityBase: 1.000000
    scaleVelocityFactor: 0.004000
    life: 1.000000
    number: 10.000000
    spinVariation: 150.000000
    size: [3.000000, 3.000000]
    sizeVariation: [2.000000, 3.000000]
    velocity: 150.000000
    velocityVariation: 300.000000
    spin: 150.000000
    randomSpinDirection: true
    colorRandom: [0.000000, [84.000000, 217.000000, 255.000000, 255.000000], 0.996429, [1.992218, 255.000000, 250.782104, 255.000000]]
    alphaOverLife: [0.000000, 0.000000, 0.147727, 1.000000, 0.175238, 0.000000, 0.217143, 1.000000, 0.295238, 0.000000, 0.327619, 1.000000, 0.380952, 0.000000, 0.392381, 0.985402, 0.481905, 0.000000, 0.506667, 0.956204, 0.537143, 0.000000, 0.596190, 1.000000, 0.615238, 0.021898, 0.645714, 1.000000, 0.683810, 0.000000, 0.733333, 1.000000, 0.775238, 0.000000, 1.000000, 0.000000]
    frameOverLifeEnabled: false
    frameOverLifeFPS: 0.000000
    randomFrameOnStart: false
    loopSpriteAnimation: true
    deltaTime: 0.000000
    startTime: 0.000000
    endTime: 1000.000000
    isLooped: false
    deltaVariation: 0.000000
    loopEndTime: 100.000000
    inheritPosition: true
    particleOrientation: 1
    activeLODS: [1, 1, 1, 1]
    effectFormat: 1
