emitter:
    emissionAngle: 1.000000
    emissionAngleVariation: 60.000000
    emissionRange: 1.000000
    emissionVector: [-1.000000, 0.300000, 0.000000]
    emissionVectorInverted: true
    name: "11_glow_low"
    radius: 50.000000
    shortEffect: false
    size: [0.000000, 200.000000, 0.000000]
    type: "point"
layer0:
    activeLODS: [1, 1, 1, 1]
    alphaOverLife: [0.000000, 0.000000, 0.130000, 0.600000, 0.588106, 0.000000, 1.000000, 0.000000]
    angle: -90.000000
    blending: 3
    colorOverLife: [243.046692, 243.844360, 255.000000, 255.000000]
    degradeStrategy: 0
    deltaTime: 0.000000
    deltaVariation: 0.000000
    effectFormat: 1
    enableFog: false
    enableFrameBlend: false
    endTime: 0.100000
    frameOverLifeEnabled: false
    frameOverLifeFPS: 0.000000
    inheritPosition: true
    isLong: false
    isLooped: false
    layerType: "single"
    life: 1.000000
    loopEndTime: 100.000000
    loopSpriteAnimation: true
    loopVariation: 0.000000
    name: "4_glow"
    number: 2.000000
    numberVariation: 1.000000
    particleOrientation: 1
    pivotPoint: [0.000000, 0.000000]
    randomFrameOnStart: false
    randomSpinDirection: false
    scaleVelocityBase: 1.000000
    scaleVelocityFactor: 0.000000
    size: [30.000000, 40.000000]
    sprite: "../../../../../Gfx/Particles/UI/Shop/type59_giftshop/glow_low"
    startTime: 0.000000
    type: "layer"
    velocity: 80.000000
