emitter:
    emissionAngle: 1.000000
    emissionAngleVariation: 60.000000
    emissionRange: 1.000000
    emissionVector: [0.000000, 0.000000, 1.000000]
    emissionVectorInverted: true
    name: "4_glow"
    radius: 50.000000
    shortEffect: false
    size: [0.000000, 200.000000, 0.000000]
    type: "shockwave"
layer0:
    activeLODS: [1, 1, 1, 1]
    alphaOverLife: [0.000000, 0.300000, 0.202643, 0.301752, 0.990000, 0.000000]
    blending: 3
    colorOverLife: [221.945526, 26.875486, 26.875486, 255.000000]
    degradeStrategy: 0
    deltaTime: 0.000000
    deltaVariation: 0.000000
    effectFormat: 1
    enableFog: true
    enableFrameBlend: false
    endTime: 10.000000
    frameOverLifeEnabled: false
    frameOverLifeFPS: 0.000000
    inheritPosition: true
    isLong: true
    isLooped: false
    layerType: "particles"
    life: 2.500000
    loopEndTime: 100.000000
    loopSpriteAnimation: true
    loopVariation: 0.000000
    name: "4_glow"
    number: 2.000000
    numberVariation: 1.000000
    particleOrientation: 1
    pivotPoint: [0.000000, 0.000000]
    randomFrameOnStart: false
    randomSpinDirection: false
    scaleVelocityBase: 1.000000
    scaleVelocityFactor: 1.000000
    size: [40.000000, 1.000000]
    sizeVariation: [0.000000, 1.000000]
    sprite: "../../../../../Gfx/Particles/UI/Shop/type59_giftshop/blursnow"
    startTime: 0.000000
    type: "layer"
    velocity: 200.000000
