emitter:
    emissionAngle: 60.000000
    emissionRange: 50.000000
    emissionVector: [0.100000, -0.010000, 1.500000]
    emissionVectorInverted: true
    name: "dust"
    radius: 2.000000
    shortEffect: false
    size: [1.000000, 0.000000, 0.000000]
    type: "rect"
layer0:
    activeLODS: [0, 1, 1, 0]
    alphaOverLife: [0.000000, 0.000000, 0.040000, 1.000000, 0.461500, 0.000000, 0.990000, 0.000000]
    angle: 180.000000
    angleVariation: 180.000000
    blending: 1
    colorOverLife: [198.000000, 173.000000, 128.000000, 255.000000]
    degradeStrategy: 2
    deltaTime: 0.000000
    deltaVariation: 0.000000
    effectFormat: 1
    enableFog: true
    enableFrameBlend: false
    endTime: 0.300000
    force0: [0.000000, [0.000000, 0.000000, -2.000000], 0.900000, [0.000000, 0.000000, -0.938700]]
    forceCount: 1
    forceOverLife0: [0.000000, 1.000000, 1.000000, 7.000000]
    frameOverLifeEnabled: false
    frameOverLifeFPS: 0.000000
    inheritPosition: false
    isLong: false
    isLooped: false
    layerType: "particles"
    life: 3.000000
    loopEndTime: 0.000000
    loopSpriteAnimation: true
    loopVariation: 0.000000
    name: "dust"
    number: 15.000000
    particleOrientation: 1
    pivotPoint: [0.000000, 0.000000]
    randomFrameOnStart: false
    randomSpinDirection: false
    scaleVelocityBase: 1.000000
    scaleVelocityFactor: 0.000000
    size: [0.500000, 0.500000]
    sizeOverLifeXY: [0.000000, [3.445100, 3.445100], 0.341900, [3.549000, 3.549000], 1.000000, [3.716800, 3.716800]]
    sizeVariation: [0.500000, 0.500000]
    spin: 10.000000
    spinOverLife: 1.000000
    spinVariation: 5.082200
    sprite: "../../../../Data/Gfx/Particles/alpha/o2SMOKEB"
    startTime: 0.000000
    type: "layer"
    velocity: 1.000000
    velocityOverLife: [0.000000, 1.000000, 0.052500, 0.587800, 0.434800, 0.450000, 0.906400, 0.497700]
    velocityVariation: 1.000000
