emitter:
    emissionAngle: 0.000000
    emissionRange: 80.000000
    emissionVector: [0.000000, 0.000000, 1.000000]
    emissionVectorInverted: true
    name: "debris"
    radius: 1.000000
    shortEffect: false
    size: [0.000000, 0.000000, 0.000000]
    type: "oncircle_edges"
layer0:
    activeLODS: [1, 1, 0, 0]
    blending: 1
    colorOverLife: [53.000000, 47.000000, 43.000000, 255.000000]
    degradeStrategy: 0
    deltaTime: 0.000000
    deltaVariation: 0.000000
    effectFormat: 1
    enableFog: true
    enableFrameBlend: false
    endTime: 0.100000
    force0: [0.000000, 0.000000, -30.000000]
    forceCount: 1
    forceOverLife0: [0.000000, 0.000000, 1.000000, 1.000000]
    frameOverLifeEnabled: true
    frameOverLifeFPS: 20.000000
    inheritPosition: false
    isLong: false
    isLooped: false
    layerType: "particles"
    life: 3.000000
    loopEndTime: 10.000000
    loopSpriteAnimation: true
    loopVariation: 0.000000
    name: "debris"
    number: 100.000000
    particleOrientation: 1
    pivotPoint: [-0.000000, -0.000000]
    randomFrameOnStart: true
    randomSpinDirection: true
    scaleVelocityBase: 1.000000
    scaleVelocityFactor: 0.000000
    size: [0.050000, 0.050000]
    sizeVariation: [0.100000, 0.100000]
    spin: 90.000000
    spinVariation: 90.000000
    sprite: "../../../../Data/Gfx/Particles/alpha/fragment_car_one"
    startTime: 0.000000
    type: "layer"
    velocity: 5.000000
    velocityVariation: 5.000000
layer1:
    activeLODS: [1, 1, 0, 0]
    blending: 1
    colorOverLife: [75.000000, 66.000000, 60.000000, 255.000000]
    degradeStrategy: 0
    deltaTime: 0.000000
    deltaVariation: 0.000000
    effectFormat: 1
    enableFog: true
    enableFrameBlend: false
    endTime: 0.100000
    force0: [0.000000, 0.000000, -30.000000]
    forceCount: 1
    forceOverLife0: [0.000000, 0.000000, 1.000000, 1.000000]
    frameOverLifeEnabled: false
    frameOverLifeFPS: 20.000000
    inheritPosition: false
    isLong: false
    isLooped: false
    layerType: "particles"
    life: 3.000000
    loopEndTime: 10.000000
    loopSpriteAnimation: true
    loopVariation: 0.000000
    name: "debris1"
    number: 100.000000
    particleOrientation: 1
    pivotPoint: [-0.000000, -0.000000]
    randomFrameOnStart: false
    randomSpinDirection: true
    scaleVelocityBase: 0.000000
    scaleVelocityFactor: 0.000000
    size: [0.025000, 0.025000]
    sizeVariation: [0.200000, 0.200000]
    spin: 200.000000
    spinVariation: 20.000000
    sprite: "../../../../Data/Gfx/Particles/alpha/fragment_car_three"
    startTime: 0.000000
    type: "layer"
    velocity: 3.000000
    velocityVariation: 5.000000
