emitter:
    emissionAngle: 0.000000
    emissionRange: 360.000000
    emissionVector: [0.000000, 0.000000, 1.000000]
    emissionVectorInverted: true
    name: "smoke"
    radius: 3.000000
    shortEffect: false
    size: [0.000000, 0.000000, 0.000000]
    type: "oncircle"
layer0:
    activeLODS: [0, 1, 0, 0]
    alphaOverLife: [0.000000, 0.000000, 0.164900, 0.500400, 0.610000, 0.503400, 0.990000, 0.000000]
    angle: 90.000000
    angleVariation: 90.000000
    blending: 1
    colorOverLife: [92.000000, 99.000000, 106.000000, 255.000000]
    degradeStrategy: 2
    deltaTime: 0.000000
    deltaVariation: 0.000000
    effectFormat: 1
    enableFog: true
    enableFrameBlend: false
    endTime: 1.000000
    force0: [0.000000, 0.000000, 20.000000]
    forceCount: 1
    forceOverLife0: [0.000000, 1.000000, 0.096200, -0.023900]
    frameOverLifeEnabled: false
    frameOverLifeFPS: 20.000000
    inheritPosition: false
    isLong: false
    isLooped: false
    layerType: "particles"
    life: 3.000000
    lifeVariation: 1.000000
    loopEndTime: 6.000000
    loopSpriteAnimation: false
    loopVariation: 0.000000
    name: "Smoke1"
    number: 10.000000
    particleOrientation: 1
    pivotPoint: [0.000000, 0.000000]
    randomFrameOnStart: false
    randomSpinDirection: true
    scaleVelocityBase: 1.000000
    scaleVelocityFactor: 0.000000
    size: [0.000000, [3.000000, 3.000000], 0.000000, [3.000000, 3.000000]]
    sizeOverLifeXY: [0.000000, [1.000000, 1.000000], 0.990000, [3.000000, 3.000000]]
    spin: 5.000000
    spinVariation: 10.000000
    sprite: "../../../../Data/Gfx/Particles/alpha/explosion_smoke_white"
    startTime: 0.000000
    type: "layer"
    velocity: 0.100000
    velocityOverLife: [0.000000, 2.000000, 0.063600, 0.294900, 0.990000, 0.000000]
    velocityVariation: 1.000000
