emitter:
    emissionAngle: 0.000000
    emissionRange: 1.000000
    emissionVector: [0.000000, -0.010000, 0.010000]
    emissionVectorInverted: true
    name: "dirt_snow_m"
    shortEffect: false
    size: [1.000000, 1.000000, 1.000000]
    type: "point"
layer0:
    activeLODS: [0, 1, 0, 0]
    alphaOverLife: [0.000000, 0.472200, 0.461400, 0.433600, 1.000000, 0.000000]
    angle: 90.000000
    angleVariation: 90.000000
    blending: 1
    colorOverLife: [238.000000, 255.000000, 248.000000, 255.000000]
    degradeStrategy: 0
    deltaTime: 0.000000
    deltaVariation: 0.000000
    effectFormat: 1
    enableFog: true
    enableFrameBlend: false
    endTime: 10000.000000
    force0: [0.000000, 0.000000, -5.000000]
    forceCount: 1
    forceOverLife0: [0.000000, 0.000000, 0.381600, 0.809500, 0.990000, 5.000000]
    frameOverLifeEnabled: false
    frameOverLifeFPS: 0.000000
    inheritPosition: false
    isLong: false
    isLooped: false
    layerType: "particles"
    life:
        externalVariable: "Velosity"
        modification_line: [0.000000, 1.000000, 1.000000, 0.500000]
        value_line: 0.500000
    loopEndTime: 0.000000
    loopSpriteAnimation: true
    loopVariation: 0.000000
    name: "snow1"
    number:
        externalVariable: "Velosity"
        modification_line: [0.000000, 0.000000, 0.997000, 1.000000]
        value_line: 60.000000
    particleOrientation: 1
    pivotPoint: [0.000000, 0.000000]
    randomFrameOnStart: false
    randomSpinDirection: false
    scaleVelocityBase: 1.000000
    scaleVelocityFactor: 0.000000
    size: [1.000000, 1.000000]
    sizeOverLifeXY: [1.000000, 1.000000]
    spin: 90.000000
    spinVariation: 90.000000
    sprite: "../../../Gfx/Particles/alpha/pul_snow"
    startTime: 0.000000
    type: "layer"
    velocity: 60.000000
    velocityVariation: 200.000000
layer1:
    activeLODS: [0, 1, 0, 0]
    alphaOverLife: [0.000000, 0.292200, 0.600000, 0.096800, 1.000000, 0.000000]
    angle: 90.000000
    angleVariation: 90.000000
    blending: 1
    colorOverLife: [224.000000, 235.000000, 233.000000, 255.000000]
    degradeStrategy: 0
    deltaTime: 0.000000
    deltaVariation: 0.000000
    effectFormat: 1
    enableFog: true
    enableFrameBlend: false
    endTime: 10000.000000
    force0: [0.000000, 0.000000, -5.000000]
    forceCount: 1
    forceOverLife0: [0.000000, 0.000000, 0.990000, 5.000000]
    frameOverLifeEnabled: false
    frameOverLifeFPS: 0.000000
    inheritPosition: false
    isLong: false
    isLooped: false
    layerType: "particles"
    life:
        externalVariable: "Velosity"
        modification_line: [0.000000, 1.000000, 1.000000, 0.500000]
        value_line: 0.500000
    loopEndTime: 0.000000
    loopSpriteAnimation: true
    loopVariation: 0.000000
    name: "snow2"
    number:
        externalVariable: "Velosity"
        modification_line: [0.000000, 0.000000, 0.997000, 1.000000]
        value_line: 60.000000
    particleOrientation: 1
    pivotPoint: [0.000000, 0.000000]
    randomFrameOnStart: false
    randomSpinDirection: false
    scaleVelocityBase: 1.000000
    scaleVelocityFactor: 0.000000
    size: [1.000000, 1.000000]
    sizeOverLifeXY: [0.000000, [1.000000, 1.000000], 1.000000, [2.000000, 2.000000]]
    spin: 90.000000
    spinVariation: 90.000000
    sprite: "../../../Gfx/Particles/alpha/fog"
    startTime: 0.000000
    type: "layer"
    velocity: 60.000000
    velocityVariation: 200.000000
