emitter:
    emissionAngle: 0.000000
    emissionRange: 1.000000
    emissionVector: [1.000000, 0.000000, 0.000000]
    emissionVectorInverted: true
    name: "glow_flow"
    radius: 700.000000
    shortEffect: false
    size: [0.000000, 500.000000, 1000.000000]
    type: "rect"
layer0:
    activeLODS: [1, 1, 1, 1]
    alphaOverLife: [0.000000, 0.000000, 0.470000, 0.650000, 0.990000, 0.000000]
    blending: 3
    colorOverLife: [0.000000, [123.000000, 227.000000, 255.000000, 255.000000], 0.992600, [255.000000, 81.000000, 28.000000, 255.000000]]
    degradeStrategy: 0
    deltaTime: 0.000000
    deltaVariation: 0.000000
    effectFormat: 1
    enableFog: true
    enableFrameBlend: false
    endTime: 1000.000000
    frameOverLifeEnabled: false
    frameOverLifeFPS: 0.000000
    inheritPosition: true
    isLong: false
    isLooped: false
    layerType: "particles"
    life: 5.000000
    loopEndTime: 100.000000
    loopSpriteAnimation: true
    loopVariation: 0.000000
    name: "glow_flow"
    number: 1.000000
    numberVariation: 1.000000
    particleOrientation: 1
    pivotPoint: [0.000000, 0.000000]
    randomFrameOnStart: false
    randomSpinDirection: false
    scaleVelocityBase: 1.000000
    scaleVelocityFactor: 0.000000
    size: [30.000000, 30.000000]
    sizeOverLifeXY: [0.000000, [5.305300, 5.305300], 0.495000, [5.000200, 5.000200], 1.000000, [4.364100, 4.364100]]
    sizeVariation: [30.000000, 30.000000]
    sprite: "../../../../../Data/Gfx/Particles/UI/glow_blur"
    startTime: 0.000000
    type: "layer"
    velocity: 14.000000
    velocityVariation: 15.000000
