emitter:
    emissionAngle: 1.000000
    emissionRange: 10.000000
    emissionVector: [-0.700000, -1.000000, 0.000000]
    emissionVectorInverted: true
    name: "house_smoke"
    radius: 1.000000
    shortEffect: false
    size: [0.000000, 1.200000, 0.000000]
    type: "point"
layer0:
    activeLODS: [1, 1, 1, 1]
    alphaOverLife: [0.000000, 0.000000, 0.078300, 0.000000, 0.153100, 0.339400, 0.228471, 1.000000, 0.481547, 0.167883, 0.980000, 0.000000]
    angleVariation: 120.000000
    colorOverLife: [171.451355, 171.031128, 179.443573, 255.000000]
    degradeStrategy: 0
    deltaTime: 0.000000
    deltaVariation: 0.000000
    dstBlendFactor: "BLEND_ONE_MINUS_SRC_ALPHA"
    effectFormat: 1
    enableFog: true
    enableFrameBlend: false
    endTime: 10000.000000
    force0: [0.000000, 0.000000, 0.500000]
    forceCount: 1
    forceOverLife0: [0.000000, 1.000000, 0.990000, 0.800000]
    frameOverLifeEnabled: false
    frameOverLifeFPS: 10.000000
    inheritPosition: true
    isLong: false
    isLooped: false
    layerType: "particles"
    life: 12.000000
    lifeVariation: 2.000000
    loopEndTime: 0.000000
    loopSpriteAnimation: true
    loopVariation: 0.000000
    name: "smoke1"
    number: 2.000000
    numberVariation: 2.000000
    particleOrientation: 1
    pivotPoint: [0.000000, 0.000000]
    randomFrameOnStart: false
    randomSpinDirection: false
    scaleVelocityBase: 1.000000
    scaleVelocityFactor: 0.000000
    size: [100.000000, 100.000000]
    sizeOverLifeXY: [0.000000, [0.000000, 0.000000], 0.604400, [2.441900, 2.441900], 0.990000, [6.000000, 6.000000]]
    sizeVariation: [20.000000, 20.000000]
    spinVariation: -8.000000
    sprite: "../../../../../../Data/Gfx/Particles/UI/Fx_DustSpray_two"
    srcBlendFactor: "BLEND_SRC_ALPHA"
    startTime: 0.000000
    type: "layer"
    velocity: 15.000000
    velocityVariation: 15.000000
