emitter:
    emissionAngle: 0.000000
    emissionRange: 120.000000
    emissionVector: [0.000000, 0.000000, 0.500000]
    emissionVectorInverted: true
    name: "debris"
    shortEffect: false
    size: [2.000000, 2.000000, 2.000000]
    type: "rect"
layer0:
    activeLODS: [1, 1, 0, 0]
    angle: 1.000000
    angleVariation: 360.000000
    blending: 1
    colorOverLife: [142.000000, 141.000000, 99.000000, 255.000000]
    degradeStrategy: 0
    deltaTime: 0.000000
    deltaVariation: 0.000000
    effectFormat: 1
    enableFog: true
    enableFrameBlend: false
    endTime: 0.300000
    force0: [0.000000, 0.000000, -1.000000]
    forceCount: 1
    forceOverLife0: [0.000000, 0.000000, 0.990000, 30.000000]
    frameOverLifeEnabled: false
    frameOverLifeFPS: 26.000000
    inheritPosition: false
    isLong: false
    isLooped: false
    layerType: "particles"
    life: 4.000000
    loopEndTime: 0.000000
    loopSpriteAnimation: true
    loopVariation: 0.000000
    name: "debris4"
    number: 20.000000
    particleOrientation: 1
    pivotPoint: [0.000000, 0.000000]
    randomFrameOnStart: false
    randomSpinDirection: true
    scaleVelocityBase: 1.000000
    scaleVelocityFactor: 0.000000
    size: [0.250000, 0.050000]
    sizeVariation: [0.050000, 0.400000]
    spin: 120.000000
    spinVariation: 60.000000
    sprite: "../../../../Data/Gfx/Particles/alpha/flinders_one"
    startTime: 0.000000
    type: "layer"
    velocity: 6.000000
    velocityOverLife: [0.000000, 1.000000, 0.480000, 0.300000, 0.990000, 1.003400]
    velocityVariation: 3.000000
layer1:
    activeLODS: [1, 1, 0, 0]
    angle: 1.000000
    angleVariation: 360.000000
    blending: 1
    colorOverLife: [205.000000, 178.000000, 124.000000, 255.000000]
    degradeStrategy: 0
    deltaTime: 0.000000
    deltaVariation: 0.000000
    effectFormat: 1
    enableFog: true
    enableFrameBlend: false
    endTime: 0.300000
    force0: [0.000000, 0.000000, -1.000000]
    forceCount: 1
    forceOverLife0: [0.000000, 0.000000, 0.990000, 30.000000]
    frameOverLifeEnabled: false
    frameOverLifeFPS: 26.000000
    inheritPosition: false
    isLong: false
    isLooped: false
    layerType: "particles"
    life: 4.000000
    loopEndTime: 0.000000
    loopSpriteAnimation: true
    loopVariation: 0.000000
    name: "debris3"
    number: 60.000000
    particleOrientation: 1
    pivotPoint: [0.000000, 0.000000]
    randomFrameOnStart: false
    randomSpinDirection: true
    scaleVelocityBase: 1.000000
    scaleVelocityFactor: 0.000000
    size: [0.100000, 0.150000]
    sizeVariation: [0.050000, 0.400000]
    spin: 120.000000
    spinVariation: 60.000000
    sprite: "../../../../Data/Gfx/Particles/alpha/flinders_one"
    startTime: 0.000000
    type: "layer"
    velocity: 6.000000
    velocityOverLife: [0.000000, 1.000000, 0.480000, 0.300000, 0.990000, 1.003400]
    velocityVariation: 3.000000
