emitter:
    emissionAngle: 0.000000
    emissionRange: 20.000000
    emissionVector: [1.000000, 0.000000, 0.500000]
    emissionVectorInverted: true
    name: "smoke"
    radius: 2.000000
    shortEffect: false
    size: [0.000000, 0.000000, 0.000000]
    type: "point"
layer0:
    activeLODS: [1, 1, 1, 1]
    alphaOverLife: [0.000000, 0.000000, 0.328244, 1.000000, 0.591603, 1.000000, 1.000000, 0.000000]
    angle: 1.000000
    angleVariation: 360.000000
    blending: 3
    colorOverLife: [237.754868, 88.645912, 8.357976, 255.000000]
    degradeStrategy: 0
    deltaTime: 0.000000
    deltaVariation: 0.000000
    effectFormat: 1
    enableFog: false
    enableFrameBlend: true
    endTime: 0.100000
    frameOverLifeEnabled: true
    frameOverLifeFPS: 50.000000
    inheritPosition: true
    isLong: true
    isLooped: false
    layerType: "particles"
    life: 0.500000
    lifeVariation: 0.200000
    loopEndTime: 4.000000
    loopSpriteAnimation: false
    loopVariation: 0.000000
    name: "smoke Clone"
    number: 200.000000
    particleOrientation: 1
    pivotPoint: [0.000000, 0.000000]
    randomFrameOnStart: false
    randomSpinDirection: true
    scaleVelocityBase: 1.000000
    scaleVelocityFactor: 0.005000
    size: [3.000000, 3.000000]
    sizeOverLifeXY: [0.000000, [1.000000, 1.000000], 1.000000, [3.000000, 3.000000]]
    spin: 20.000000
    spinVariation: 20.000000
    sprite: "../../../../Data/Gfx/Particles/animation/smoke"
    startTime: 0.000000
    type: "layer"
    velocity: 100.000000
    velocityOverLife: [0.000000, 1.000000, 0.200000, 0.100000, 0.600000, 0.000000]
    velocityVariation: 100.000000
