emitter:
    emissionAngle: 0.000000
    emissionRange: 60.000000
    emissionVector: [0.000000, 0.000000, 1.000000]
    emissionVectorInverted: true
    name: "debris"
    shortEffect: false
    size: [1.500000, 1.500000, 1.500000]
    type: "rect"
layer0:
    activeLODS: [1, 1, 0, 0]
    angle: 0.000000
    angleVariation: 360.000000
    blending: 1
    colorOverLife: [79.000000, 80.000000, 81.000000, 255.000000]
    degradeStrategy: 0
    deltaTime: 0.000000
    deltaVariation: 0.000000
    effectFormat: 1
    enableFog: true
    enableFrameBlend: false
    endTime: 0.100000
    force0: [0.000000, 0.000000, -2.000000]
    forceCount: 1
    frameOverLifeEnabled: false
    frameOverLifeFPS: 0.000000
    inheritPosition: false
    isLong: false
    isLooped: false
    layerType: "particles"
    life: 5.000000
    loopEndTime: 6.000000
    loopSpriteAnimation: true
    loopVariation: 0.000000
    name: "debris1"
    number: 150.000000
    particleOrientation: 1
    pivotPoint: [0.000000, 0.000000]
    randomFrameOnStart: false
    randomSpinDirection: true
    scaleVelocityBase: 1.000000
    scaleVelocityFactor: 0.000000
    size: [0.050000, 0.100000]
    sizeVariation: [0.020000, 1.000000]
    spin: 40.000000
    spinVariation: 20.000000
    sprite: "../../../../Data/Gfx/Particles/alpha/flinders_one"
    startTime: 0.000000
    type: "layer"
    velocity: 2.000000
    velocityVariation: 1.000000
layer1:
    activeLODS: [1, 1, 0, 0]
    angle: 0.000000
    angleVariation: 360.000000
    blending: 1
    colorOverLife: [79.000000, 80.000000, 81.000000, 255.000000]
    degradeStrategy: 0
    deltaTime: 0.000000
    deltaVariation: 0.000000
    effectFormat: 1
    enableFog: true
    enableFrameBlend: false
    endTime: 0.100000
    force0: [0.000000, 0.000000, -2.000000]
    forceCount: 1
    frameOverLifeEnabled: false
    frameOverLifeFPS: 0.000000
    inheritPosition: false
    isLong: false
    isLooped: false
    layerType: "particles"
    life: 5.000000
    loopEndTime: 6.000000
    loopSpriteAnimation: true
    loopVariation: 0.000000
    name: "debris2"
    number: 150.000000
    particleOrientation: 1
    pivotPoint: [0.000000, 0.000000]
    randomFrameOnStart: false
    randomSpinDirection: true
    scaleVelocityBase: 1.000000
    scaleVelocityFactor: 0.000000
    size: [0.050000, 0.050000]
    sizeVariation: [0.020000, 1.000000]
    spin: 40.000000
    spinVariation: 20.000000
    sprite: "../../../../Data/Gfx/Particles/alpha/flinders_one"
    startTime: 0.000000
    type: "layer"
    velocity: 2.000000
    velocityVariation: 1.000000
