emitter:
    emissionAngle: 0.000000
    emissionRange: 70.000000
    emissionVector: [0.000000, 0.000000, 1.000000]
    emissionVectorInverted: true
    name: "debris"
    shortEffect: false
    size: [1.000000, 1.000000, 0.000000]
    type: "shockwave"
layer0:
    activeLODS: [1, 1, 0, 0]
    angle: 100.000000
    angleVariation: 100.000000
    blending: 1
    colorOverLife: [249.000000, 255.000000, 232.000000, 255.000000]
    degradeStrategy: 0
    deltaTime: 0.000000
    deltaVariation: 0.000000
    effectFormat: 1
    enableFog: true
    enableFrameBlend: false
    endTime: 0.300000
    force0: [0.000000, 0.000000, -20.000000]
    forceCount: 1
    frameOverLifeEnabled: false
    frameOverLifeFPS: 16.000000
    inheritPosition: false
    isLong: false
    isLooped: false
    layerType: "particles"
    life: 4.000000
    loopEndTime: 0.000000
    loopSpriteAnimation: false
    loopVariation: 0.000000
    name: "debris"
    number: 15.000000
    particleOrientation: 1
    pivotPoint: [0.000000, 0.000000]
    randomFrameOnStart: false
    randomSpinDirection: true
    scaleVelocityBase: 1.000000
    scaleVelocityFactor: 0.000000
    size: [0.200000, 0.100000]
    sizeVariation: [0.179300, 0.080800]
    spin: 60.000000
    spinVariation: 60.000000
    sprite: "../../../Gfx/Particles/alpha/fragments"
    startTime: 0.000000
    type: "layer"
    velocity: 6.000000
layer1:
    activeLODS: [1, 1, 0, 0]
    angle: 100.000000
    angleVariation: 100.000000
    blending: 1
    colorOverLife: [249.000000, 255.000000, 229.000000, 255.000000]
    degradeStrategy: 0
    deltaTime: 0.000000
    deltaVariation: 0.000000
    effectFormat: 1
    enableFog: true
    enableFrameBlend: false
    endTime: 0.300000
    force0: [0.000000, 0.000000, -10.000000]
    forceCount: 1
    frameOverLifeEnabled: false
    frameOverLifeFPS: 20.000000
    inheritPosition: false
    isLong: false
    isLooped: false
    layerType: "particles"
    life: 4.000000
    loopEndTime: 0.000000
    loopSpriteAnimation: false
    loopVariation: 0.000000
    name: "debris2"
    number: 20.000000
    particleOrientation: 1
    pivotPoint: [0.000000, 0.000000]
    randomFrameOnStart: false
    randomSpinDirection: true
    scaleVelocityBase: 1.000000
    scaleVelocityFactor: 0.000000
    size: [0.200000, 0.200000]
    sizeVariation: [0.050000, 0.050000]
    spin: 60.000000
    spinVariation: 60.000000
    sprite: "../../../Gfx/Particles/alpha/fragments_one"
    startTime: 0.000000
    type: "layer"
    velocity: 5.000000
