emitter:
    emissionAngle: 0.000000
    emissionRange: 120.000000
    emissionVector: [0.000000, 0.000000, 1.000000]
    emissionVectorInverted: true
    name: "sparks1"
    radius: 5.000000
    shortEffect: false
    size: [0.000000, 0.000000, 0.000000]
    type: "oncircle"
layer0:
    activeLODS: [1, 1, 0, 0]
    alphaOverLife: [0.000000, 1.000000, 1.000000, 0.000000]
    blending: 3
    colorOverLife: [231.000000, 118.000000, 83.000000, 255.000000]
    degradeStrategy: 0
    deltaTime: 0.000000
    deltaVariation: 0.000000
    effectFormat: 1
    enableFog: true
    enableFrameBlend: false
    endTime: 0.300000
    force0: [0.000000, 0.000000, -40.000000]
    forceCount: 1
    frameOverLifeEnabled: false
    frameOverLifeFPS: 0.000000
    inheritPosition: false
    isLong: true
    isLooped: false
    layerType: "particles"
    life: 2.000000
    loopEndTime: 4.000000
    loopSpriteAnimation: false
    loopVariation: 0.000000
    name: "iskr Clone"
    number: 600.000000
    particleOrientation: 1
    pivotPoint: [0.000000, 0.000000]
    randomFrameOnStart: false
    randomSpinDirection: false
    scaleVelocityBase: 1.000000
    scaleVelocityFactor: 1.000000
    size: [0.020000, 0.010000]
    sizeVariation: [0.015000, 0.010000]
    sprite: "../../../../Data/Gfx/Particles/alpha/o2_expGlowB"
    startTime: 0.200000
    type: "layer"
    velocity: 15.000000
