emitter:
    emissionAngle: 0.000000
    emissionRange: 10.000000
    emissionVector: [0.000000, 0.000000, 1.000000]
    emissionVectorInverted: true
    name: "Particle Emitter"
    shortEffect: false
    size: [0.000000, 0.000000, 0.000000]
    type: "point"
layer0:
    activeLODS: [1, 1, 1, 1]
    alphaOverLife: [0.000000, 0.532200, 0.588700, 0.032000, 1.000000, 0.000000]
    angle: 180.000000
    angleVariation: 180.000000
    blending: 1
    colorOverLife: [77.000000, 77.000000, 90.000000, 255.000000]
    degradeStrategy: 0
    deltaTime: 0.000000
    deltaVariation: 0.000000
    effectFormat: 1
    enableFog: true
    enableFrameBlend: false
    endTime: 2.000000
    force0: [0.100000, 0.100000, 0.600000]
    forceCount: 1
    forceOverLife0: [0.000000, 1.000000, 1.000000, 1.200000]
    frameOverLifeEnabled: false
    frameOverLifeFPS: 4.000000
    inheritPosition: false
    isLong: false
    isLooped: false
    layerType: "particles"
    life: 2.000000
    lifeVariation: 2.000000
    loopEndTime: 10.000000
    loopSpriteAnimation: false
    loopVariation: 0.000000
    name: "smoke_spawn"
    number: 40.000000
    particleOrientation: 1
    pivotPoint: [0.000000, 0.000000]
    randomFrameOnStart: false
    randomSpinDirection: true
    scaleVelocityBase: 0.000000
    scaleVelocityFactor: 0.000000
    size: [0.500000, 0.500000]
    sizeOverLifeXY: [0.000000, [1.000000, 1.000000], 1.000000, [6.000000, 6.000000]]
    spin: 20.000000
    spinVariation: 20.000000
    sprite: "../../../../Data/Gfx/Particles/alpha/explosion_smoke_white"
    startTime: 0.000000
    type: "layer"
    velocity: 0.010000
layer1:
    activeLODS: [1, 1, 1, 1]
    angle: 180.000000
    angleVariation: 90.000000
    blending: 1
    colorOverLife: [77.000000, 77.000000, 90.000000, 255.000000]
    degradeStrategy: 0
    deltaTime: 0.000000
    deltaVariation: 0.000000
    effectFormat: 1
    enableFog: true
    enableFrameBlend: false
    endTime: 2.000000
    frameOverLifeEnabled: false
    frameOverLifeFPS: 40.000000
    inheritPosition: false
    isLong: false
    isLooped: false
    layerType: "single"
    life: 2.000000
    loopEndTime: 10.000000
    loopSpriteAnimation: true
    loopVariation: 0.000000
    name: "debris_spawn"
    number: 0.000000
    particleOrientation: 1
    pivotPoint: [0.000000, 0.000000]
    randomFrameOnStart: true
    randomSpinDirection: true
    scaleVelocityBase: 0.100000
    scaleVelocityFactor: 1.000000
    size: [0.150000, 0.150000]
    spin: 90.000000
    sprite: "../../../../Data/Gfx/Particles/alpha/tank_element_one"
    startTime: 0.000000
    type: "layer"
    velocity: 0.010000
layer2:
    activeLODS: [1, 1, 1, 1]
    alphaOverLife: [0.000000, 0.466000, 0.588700, 0.032000, 1.000000, 0.000000]
    blending: 3
    colorOverLife: [243.000000, 135.000000, 46.000000, 255.000000]
    degradeStrategy: 0
    deltaTime: 0.000000
    deltaVariation: 0.000000
    effectFormat: 1
    enableFog: true
    enableFrameBlend: false
    endTime: 2.000000
    frameOverLifeEnabled: false
    frameOverLifeFPS: 4.000000
    inheritPosition: true
    isLong: false
    isLooped: false
    layerType: "particles"
    life: 2.000000
    loopEndTime: 10.000000
    loopSpriteAnimation: true
    loopVariation: 0.000000
    name: "fire_spawn"
    number: 4.000000
    particleOrientation: 1
    pivotPoint: [0.000000, 0.000000]
    randomFrameOnStart: false
    randomSpinDirection: true
    scaleVelocityBase: 0.000000
    scaleVelocityFactor: 0.000000
    size: [0.250000, 0.250000]
    spin: 90.000000
    spinVariation: 90.000000
    sprite: "../../../../Data/Gfx/Particles/alpha/explosion_smoke_white"
    startTime: 0.000000
    type: "layer"
    velocity: 0.010000
