emitter:
    emissionAngle: 0.000000
    emissionRange: 180.000000
    emissionVector: [0.000000, 0.000000, 1.000000]
    emissionVectorInverted: true
    name: "iskr"
    shortEffect: false
    size: [3.000000, 3.000000, 0.000000]
    type: "rect"
layer0:
    activeLODS: [1, 1, 0, 0]
    alphaOverLife: [0.000000, 0.544500, 1.000000, 0.000000]
    blending: 3
    colorOverLife: [231.000000, 180.000000, 180.000000, 255.000000]
    degradeStrategy: 0
    deltaTime: 0.000000
    deltaVariation: 0.000000
    effectFormat: 1
    enableFog: true
    enableFrameBlend: false
    endTime: 0.300000
    force0: [0.000000, 0.000000, -5.000000]
    forceCount: 1
    frameOverLifeEnabled: false
    frameOverLifeFPS: 0.000000
    inheritPosition: false
    isLong: true
    isLooped: false
    layerType: "particles"
    life: 0.500000
    loopEndTime: 4.000000
    loopSpriteAnimation: true
    loopVariation: 0.000000
    name: "iskr"
    number: 600.000000
    particleOrientation: 1
    pivotPoint: [-0.000000, -0.000000]
    randomFrameOnStart: false
    randomSpinDirection: false
    scaleVelocityBase: 0.100000
    scaleVelocityFactor: 0.400000
    size: [0.010000, 0.015000]
    sizeVariation: [0.010000, 0.010000]
    sprite: "../../../../Data/Gfx/Particles/alpha/Iskr"
    startTime: 0.000000
    type: "layer"
    velocity: 30.000000
    velocityOverLife: [0.000000, 1.000000, 1.000000, -0.026300]
