emitter:
    emissionAngle: 90.000000
    emissionRange: 10.000000
    emissionVector: [0.000000, [-0.000000, -0.000000, 2.000000], 57.005501, [0.000000, 0.000000, 2.000000], 99.449997, [0.000000, 0.000000, 0.500000]]
    emissionVectorInverted: true
    name: "fire"
    radius: 1.000000
    shortEffect: false
    size: [0.000000, [0.000000, 1.000000, 0.000000], 99.589996, [0.000000, 0.200000, 0.000000]]
    type: "rect"
layer0:
    activeLODS: [0, 1, 0, 0]
    alphaOverLife: [0.000000, 0.400000, 0.703700, 0.400000, 0.990000, 0.000000]
    blending: 3
    colorOverLife: [0.000000, [251.793793, 189.000000, 113.011703, 255.000000], 0.995900, [216.762604, 67.754898, 25.451401, 255.000000]]
    degradeStrategy: 2
    deltaTime: 0.000000
    deltaVariation: 0.000000
    effectFormat: 1
    enableFog: true
    enableFrameBlend: true
    endTime: 100.000000
    force0: [0.000000, 0.090000, 2.300000]
    forceCount: 1
    forceOverLife0: [0.000000, 1.000000, 129.347794, 20.831200]
    frameOverLifeEnabled: true
    frameOverLifeFPS: 16.000000
    inheritPosition: false
    isLong: false
    isLooped: false
    layerType: "particles"
    life: [0.000000, 0.500000, 7.000000, 0.500000, 28.921600, 0.228900, 99.019997, 0.200000]
    lifeVariation: 0.500000
    loopEndTime: 0.000000
    loopSpriteAnimation: true
    loopVariation: 0.000000
    name: "fire1"
    number: 25.000000
    numberVariation: 10.000000
    particleOrientation: 1
    pivotPoint: [0.000000, 0.000000]
    randomFrameOnStart: false
    randomSpinDirection: false
    scaleVelocityBase: 1.000000
    scaleVelocityFactor: 0.000000
    size: [0.600000, 0.600000]
    sprite: "../../../../Data/Gfx/Particles/alpha/o2_fire_anim"
    startTime: 0.000000
    type: "layer"
    velocity: 0.010000
layer1:
    activeLODS: [0, 1, 0, 0]
    alphaOverLife: [0.000000, 0.000000, 0.294400, 0.004400, 0.307700, 1.000000, 0.453600, 0.000000, 0.586200, 1.000000, 1.000000, 0.000000]
    blending: 3
    colorOverLife: [0.000000, [251.793793, 189.000000, 113.011703, 255.000000], 0.371400, [221.435806, 72.665398, 52.575901, 255.000000], 0.995900, [216.762604, 67.754898, 25.451401, 255.000000]]
    degradeStrategy: 0
    deltaTime: 0.000000
    deltaVariation: 0.000000
    effectFormat: 1
    enableFog: true
    enableFrameBlend: false
    endTime: 100.000000
    force0: [0.000000, 0.000000, 1.210000]
    forceCount: 1
    frameOverLifeEnabled: false
    frameOverLifeFPS: 16.000000
    inheritPosition: false
    isLong: true
    isLooped: false
    layerType: "particles"
    life: [0.000000, 1.000000, 7.516300, 1.000000, 32.554901, 0.718000, 100.000000, 0.732300]
    lifeVariation: 1.000000
    loopEndTime: 0.000000
    loopSpriteAnimation: true
    loopVariation: 0.000000
    name: "sparks"
    number: 7.000000
    numberVariation: 10.000000
    particleOrientation: 1
    pivotPoint: [0.000000, 0.000000]
    randomFrameOnStart: false
    randomSpinDirection: false
    scaleVelocityBase: 1.000000
    scaleVelocityFactor: 0.000000
    size: [0.015000, 0.015000]
    sizeVariation: [0.005000, 0.005000]
    sprite: "../../../../Data/Gfx/Particles/alpha/Iskr"
    startTime: 0.000000
    type: "layer"
    velocity: 0.010000
