emitter:
    emissionRange: 0.000000
    emissionVector: [-0.200000, 1.000000, 0.000000]
    emissionVectorInverted: true
    name: "track1"
    shortEffect: false
    size: [0.000000, 10.000000, 0.000000]
    type: "rect"
layer0:
    activeLODS: [1, 1, 1, 1]
    alphaOverLife: [0.000000, 0.000000, 0.085903, 0.475973, 0.176211, 0.000000, 1.000000, 0.000000]
    angle: 20.000000
    angleVariation: 200.000000
    blending: 1
    colorOverLife: [124.000000, 108.000000, 87.000000, 255.000000]
    degradeStrategy: 0
    deltaTime: 0.000000
    deltaVariation: 0.000000
    effectFormat: 1
    enableFog: true
    enableFrameBlend: false
    endTime: 1000.000000
    frameOverLifeEnabled: false
    frameOverLifeFPS: 0.000000
    inheritPosition: true
    isLong: true
    isLooped: false
    layerType: "particles"
    life: 1.000000
    loopEndTime: 100.000000
    loopSpriteAnimation: true
    loopVariation: 0.000000
    name: "truck Clone"
    number: 10.000000
    particleOrientation: 1
    pivotPoint: [0.000000, 0.000000]
    randomFrameOnStart: false
    randomSpinDirection: true
    scaleVelocityBase: 1.000000
    scaleVelocityFactor: 0.005000
    size: [40.000000, 40.000000]
    spin: -30.000000
    spinVariation: -10.000000
    sprite: "../../../../../Gfx/Particles/UI/Shop/type59_giftshop/dirt_test1"
    startTime: 0.000000
    type: "layer"
    velocity: 40.000000
    velocityVariation: 30.000000
