emitter:
    emissionRange: 1.000000
    emissionVector: [-1.000000, -0.100000, 0.000000]
    emissionVectorInverted: true
    name: "5_dust"
    shortEffect: false
    size: [0.000000, 5.000000, 0.000000]
    type: "rect"
layer0:
    activeLODS: [1, 1, 1, 1]
    alphaOverLife: [0.000000, 0.000000, 0.178414, 0.107319, 0.647577, 0.104656, 0.755507, 0.032532, 0.914097, 0.102462, 1.000000, 0.000000]
    angle: 1.000000
    angleVariation: 300.000000
    blending: 1
    colorOverLife: [94.747078, 105.000000, 97.992218, 255.000000]
    degradeStrategy: 0
    deltaTime: 0.000000
    deltaVariation: 0.000000
    effectFormat: 1
    enableFog: true
    enableFrameBlend: false
    endTime: 1000.000000
    frameOverLifeEnabled: false
    frameOverLifeFPS: 0.000000
    inheritPosition: true
    isLong: false
    isLooped: false
    layerType: "particles"
    life: 3.500000
    loopEndTime: 100.000000
    loopSpriteAnimation: true
    loopVariation: 0.000000
    name: "dust"
    number: 15.000000
    particleOrientation: 1
    pivotPoint: [0.000000, 0.000000]
    randomFrameOnStart: false
    randomSpinDirection: true
    scaleVelocityBase: 1.000000
    scaleVelocityFactor: 0.000000
    size: [100.000000, 100.000000]
    sizeOverLifeXY: [0.000000, [1.000000, 1.000000], 1.000000, [2.000000, 2.000000]]
    sizeVariation: [20.000000, 20.000000]
    spin: 30.000000
    spinVariation: 10.000000
    sprite: "../../../../../Gfx/Particles/UI/Shop/type59_giftshop/fog"
    startTime: 0.000000
    type: "layer"
    velocity: 70.000000
    velocityVariation: 40.000000
