emitter:
    emissionAngle: 0.000000
    emissionRange: 160.000000
    emissionVector: [1.000000, -0.450000, 1.000000]
    emissionVectorInverted: true
    name: "smoke"
    shortEffect: false
    size: [0.000000, 0.000000, 0.000000]
    type: "point"
layer0:
    activeLODS: [1, 1, 1, 1]
    alphaOverLife: [0.000000, 0.171668, 0.990000, 0.000000]
    angle: 90.000000
    angleVariation: 90.000000
    blending: 1
    colorOverLife: [152.291824, 111.245132, 114.665367, 255.000000]
    degradeStrategy: 0
    deltaTime: 0.000000
    deltaVariation: 0.000000
    effectFormat: 1
    enableFog: true
    enableFrameBlend: true
    endTime: 0.250000
    force0: [-100.000000, 0.000000, -50.000000]
    forceCount: 1
    frameOverLifeEnabled: false
    frameOverLifeFPS: 4.000000
    inheritPosition: true
    isLong: false
    isLooped: false
    layerType: "particles"
    life: 3.000000
    loopEndTime: 4.000000
    loopSpriteAnimation: false
    loopVariation: 0.000000
    name: "smoke1"
    number: 800.000000
    particleOrientation: 1
    pivotPoint: [0.000000, 0.000000]
    randomFrameOnStart: false
    randomSpinDirection: true
    scaleVelocityBase: 0.000000
    scaleVelocityFactor: 0.000000
    size: [30.000000, 30.000000]
    sizeOverLifeXY: [0.000000, [1.000000, 1.000000], 1.000000, [6.000000, 6.000000]]
    spin: 40.000000
    spinVariation: 30.000000
    sprite: "../../../../../Gfx/Particles/UI/Shop/type59_giftshop/explosion_smoke_white"
    startTime: 0.100000
    type: "layer"
    velocity: 100.000000
    velocityOverLife: [0.000000, 1.000000, 0.130000, 0.210000, 0.996500, 0.000000]
    velocityVariation: 100.000000
