emitter:
    emissionAngle: 0.000000
    emissionRange: 20.000000
    emissionVector: [-1.000000, 0.000000, 0.000000]
    emissionVectorInverted: true
    name: "smoke1_sparks"
    shortEffect: false
    size: [0.000000, 0.000000, 0.000000]
    type: "point"
layer0:
    activeLODS: [1, 1, 0, 0]
    alphaOverLife: 1.000000
    blending: 3
    colorOverLife: [4.824903, 247.000000, 57.295719, 255.000000]
    degradeStrategy: 0
    deltaTime: 0.000000
    deltaVariation: 0.000000
    effectFormat: 1
    enableFog: false
    enableFrameBlend: false
    endTime: 0.100000
    frameOverLifeEnabled: false
    frameOverLifeFPS: 0.000000
    inheritPosition: false
    isLong: true
    isLooped: false
    layerType: "particles"
    life: 0.100000
    loopEndTime: 4.000000
    loopSpriteAnimation: true
    loopVariation: 0.000000
    name: "smoke1_sparks2"
    number: 700.000000
    particleOrientation: 1
    pivotPoint: [0.000000, 0.000000]
    randomFrameOnStart: false
    randomSpinDirection: false
    scaleVelocityBase: 0.200000
    scaleVelocityFactor: 0.400000
    size: [0.005000, 0.025000]
    sizeVariation: [0.010000, 0.025000]
    sprite: "../../../../Gfx/Particles/alpha/Iskr"
    startTime: 0.000000
    type: "layer"
    velocity: 20.000000
    velocityVariation: 1.000000
layer1:
    activeLODS: [0, 1, 1, 0]
    alphaOverLife: [0.000000, 1.000000, 0.792185, 1.000000, 1.000000, 0.000000]
    angle: 1.000000
    angleVariation: 360.000000
    blending: 1
    colorRandom: [0.000000, [250.817123, 255.000000, 3.984436, 255.000000], 0.530100, [255.000000, 0.996109, 0.996109, 255.000000], 0.998328, [255.000000, 214.342407, 176.307388, 255.000000]]
    degradeStrategy: 0
    deltaTime: 0.000000
    deltaVariation: 0.000000
    effectFormat: 1
    enableFog: false
    enableFrameBlend: false
    endTime: 0.400000
    frameOverLifeEnabled: false
    frameOverLifeFPS: 0.000000
    inheritPosition: false
    isLong: false
    isLooped: false
    layerType: "particles"
    life: 3.000000
    loopEndTime: 100.000000
    loopSpriteAnimation: true
    loopVariation: 0.000000
    name: "confett2"
    number: 20.000000
    particleOrientation: 1
    pivotPoint: [2.000000, 2.000000]
    randomFrameOnStart: false
    randomSpinDirection: true
    scaleVelocityBase: 1.000000
    scaleVelocityFactor: 0.000000
    size: [0.150000, 0.100000]
    sizeVariation: [0.150000, 0.150000]
    spin: 200.000000
    spinVariation: 200.000000
    sprite: "../../../../Gfx/Particles/1AP/treil"
    startTime: 0.000000
    type: "layer"
    velocity: 3.000000
    velocityVariation: 1.000000
