emitter:
    emissionAngle: 0.000000
    emissionRange: 1.000000
    emissionVector: [-1.000000, 0.000000, 0.000000]
    emissionVectorInverted: true
    name: "big_smoke"
    shortEffect: false
    size: [100.000000, 100.000000, 0.000000]
    type: "rect"
layer0:
    activeLODS: [1, 1, 1, 1]
    alphaOverLife: [0.000000, 0.000000, 0.107400, 0.099400, 0.850900, 0.103100, 0.990000, 0.000000]
    angle: 180.000000
    angleVariation: 180.000000
    blending: 1
    colorOverLife: [180.000000, 134.000000, 81.000000, 255.000000]
    degradeStrategy: 0
    deltaTime: 0.000000
    deltaVariation: 0.000000
    effectFormat: 1
    enableFog: true
    enableFrameBlend: false
    endTime: 1000.000000
    frameOverLifeEnabled: false
    frameOverLifeFPS: 0.000000
    inheritPosition: true
    isLong: false
    isLooped: false
    layerType: "particles"
    life: 15.000000
    loopEndTime: 100.000000
    loopSpriteAnimation: true
    loopVariation: 0.000000
    name: "smoke3"
    number: 6.000000
    particleOrientation: 1
    pivotPoint: [0.000000, 0.000000]
    randomFrameOnStart: false
    randomSpinDirection: true
    scaleVelocityBase: 1.000000
    scaleVelocityFactor: 0.000000
    size: [125.000000, 125.000000]
    spin: 5.000000
    spinVariation: 10.000000
    sprite: "../../../../Gfx/Particles/UI/fog"
    startTime: 0.000000
    type: "layer"
    velocity: 40.000000
    velocityVariation: 30.000000
