emitter:
    emissionAngle: 0.000000
    emissionRange: 100.000000
    emissionVector: [-1.000000, -1.000000, 0.000000]
    emissionVectorInverted: true
    name: "sparks"
    shortEffect: false
    size: [0.000000, 600.000000, 0.000000]
    type: "rect"
layer0:
    activeLODS: [1, 1, 1, 1]
    alphaOverLife: [0.000000, 0.000000, 0.216700, 0.743500, 0.481100, 0.747900, 0.880700, 0.755500, 1.000000, 0.000000]
    blending: 3
    colorOverLife: [255.000000, 75.000000, 39.000000, 255.000000]
    degradeStrategy: 0
    deltaTime: 0.000000
    deltaVariation: 0.000000
    effectFormat: 1
    enableFog: true
    enableFrameBlend: false
    endTime: 1000.000000
    force0: [-10.000000, 0.000000, 0.000000]
    forceCount: 1
    frameOverLifeEnabled: false
    frameOverLifeFPS: 0.000000
    inheritPosition: true
    isLong: true
    isLooped: false
    layerType: "particles"
    life: 2.000000
    lifeVariation: 2.000000
    loopEndTime: 100.000000
    loopSpriteAnimation: true
    loopVariation: 0.000000
    name: "sparks"
    number: 5.000000
    particleOrientation: 1
    pivotPoint: [0.000000, 0.000000]
    randomFrameOnStart: false
    randomSpinDirection: false
    scaleVelocityBase: 1.000000
    scaleVelocityFactor: 0.030000
    size: [2.000000, 2.000000]
    sprite: "../../../../Gfx/Particles/UI/Iskr"
    startTime: 0.000000
    type: "layer"
    velocity: 30.000000
    velocityVariation: 30.000000
