emitter:
    emissionAngle: 0.000000
    emissionRange: 80.000000
    emissionVector: [1.000000, 0.000000, 0.000000]
    emissionVectorInverted: true
    name: "debris"
    shortEffect: false
    size: [0.000000, 0.000000, 0.000000]
    type: "shockwave"
layer0:
    activeLODS: [1, 1, 0, 0]
    angle: 180.000000
    angleVariation: 180.000000
    blending: 1
    colorOverLife: [165.000000, 167.000000, 139.000000, 255.000000]
    degradeStrategy: 0
    deltaTime: 0.000000
    deltaVariation: 0.000000
    effectFormat: 1
    enableFog: true
    enableFrameBlend: false
    endTime: 0.200000
    force0: [0.000000, [0.000000, 0.000000, 0.000000], 0.110000, [0.000000, 0.000000, -6.000000]]
    forceCount: 1
    frameOverLifeEnabled: false
    frameOverLifeFPS: 0.000000
    inheritPosition: false
    isLong: false
    isLooped: false
    layerType: "particles"
    life: 1.000000
    loopEndTime: 8.000000
    loopSpriteAnimation: true
    loopVariation: 0.000000
    name: "debris_wood"
    number: 30.000000
    particleOrientation: 1
    pivotPoint: [0.000000, 0.000000]
    randomFrameOnStart: false
    randomSpinDirection: true
    scaleVelocityBase: 1.000000
    scaleVelocityFactor: 0.000000
    size: [0.050000, 0.500000]
    sizeVariation: [0.150000, 0.150000]
    spin: 90.000000
    sprite: "../../../../Data/Gfx/Particles/alpha/flinders"
    startTime: 0.000000
    type: "layer"
    velocity: 2.025693
    velocityOverLife: [0.000000, 3.000000, 0.057900, 1.200000, 0.460000, 1.200000, 0.990000, 1.300000]
layer1:
    activeLODS: [1, 1, 0, 0]
    angle: 180.000000
    angleVariation: 180.000000
    blending: 1
    colorOverLife: [150.000000, 146.000000, 105.000000, 255.000000]
    degradeStrategy: 0
    deltaTime: 0.000000
    deltaVariation: 0.000000
    effectFormat: 1
    enableFog: true
    enableFrameBlend: false
    endTime: 0.200000
    force0: [0.000000, [0.000000, 0.000000, 0.000000], 0.110000, [0.000000, 0.000000, -6.000000]]
    forceCount: 1
    frameOverLifeEnabled: false
    frameOverLifeFPS: 0.000000
    inheritPosition: false
    isLong: false
    isLooped: false
    layerType: "particles"
    life: 1.000000
    loopEndTime: 8.000000
    loopSpriteAnimation: true
    loopVariation: 0.000000
    name: "debris_wood2"
    number: [0.000000, 20.000000, 0.110000, 30.000000]
    particleOrientation: 1
    pivotPoint: [-0.000000, -0.000000]
    randomFrameOnStart: false
    randomSpinDirection: true
    scaleVelocityBase: 1.000000
    scaleVelocityFactor: 0.000000
    size: [0.050000, 0.250000]
    sizeVariation: [0.150000, 0.150000]
    spin: 90.000000
    sprite: "../../../../Data/Gfx/Particles/alpha/flinders"
    startTime: 0.000000
    type: "layer"
    velocity: [0.000000, 0.400000, 0.110000, 2.000000]
    velocityOverLife: [0.000000, 3.000000, 0.057900, 1.200000, 0.460000, 1.200000, 0.990000, 1.300000]
