emitter:
    emissionAngle: 0.000000
    emissionRange: 1.000000
    emissionVector: [-0.000000, -0.100000, 0.000000]
    emissionVectorInverted: true
    name: "smoke_air"
    shortEffect: false
    size: [0.000000, 0.000000, 0.000000]
    type: "point"
layer0:
    activeLODS: [1, 1, 1, 1]
    alphaOverLife: [0.000000, 0.200000, 1.000000, 0.000000]
    angle: 180.000000
    angleVariation: 180.000000
    blending: 1
    colorOverLife: [196.638123, 198.268478, 245.556427, 255.000000]
    degradeStrategy: 2
    deltaTime: 0.000000
    deltaVariation: 0.000000
    effectFormat: 1
    enableFog: true
    enableFrameBlend: false
    endTime: 1000.000000
    frameOverLifeEnabled: false
    frameOverLifeFPS: 0.000000
    inheritPosition: false
    isLong: true
    isLooped: false
    layerType: "particles"
    life: 0.500000
    lifeVariation: 1.000000
    loopEndTime: 0.000000
    loopSpriteAnimation: true
    loopVariation: 0.000000
    name: "Layer 0"
    number: 50.000000
    particleOrientation: 1
    pivotPoint: [0.000000, 0.000000]
    randomFrameOnStart: false
    randomSpinDirection: false
    scaleVelocityBase: 1.000000
    scaleVelocityFactor: 2.000000
    size: [4.000000, 4.000000]
    sizeOverLifeXY: [0.000000, [0.200000, 0.200000], 1.000000, [2.000000, 2.000000]]
    sizeVariation: [2.500000, 2.500000]
    spin: -90.000000
    spinOverLife: [0.000400, 1.000000, 1.000000, 0.000000]
    spinVariation: 60.000000
    sprite: "../../../Gfx/Particles/alpha/explosion_smoke_white"
    startTime: 0.000000
    type: "layer"
    velocity: 10.000000
    velocityOverLife: [0.000000, 1.000000, 1.000000, 0.000000]
