emitter:
    emissionRange: 40.000000
    emissionVector: [0.000000, -1.000000, 0.000000]
    emissionVectorInverted: true
    name: "dust"
    shortEffect: false
    size: [250.000000, 0.000000, 0.000000]
    type: "rect"
layer0:
    activeLODS: [1, 1, 1, 1]
    alphaOverLife: [0.000000, 0.000000, 0.048017, 0.413968, 0.862786, 0.405060, 1.000000, 0.000000]
    angle: 1.000000
    angleVariation: 300.000000
    colorOverLife: [86.373535, 70.762642, 109.789879, 255.000000]
    degradeStrategy: 0
    deltaTime: 0.000000
    deltaVariation: 0.000000
    dstBlendFactor: "BLEND_ONE_MINUS_SRC_ALPHA"
    effectFormat: 1
    enableFog: true
    enableFrameBlend: true
    endTime: 1000.000000
    force0: [-0.500000, 0.000000, 0.000000]
    forceCount: 1
    frameOverLifeEnabled: false
    frameOverLifeFPS: 1.000000
    inheritPosition: true
    isLong: false
    isLooped: false
    layerType: "particles"
    life: 8.000000
    lifeVariation: 4.000000
    loopEndTime: 100.000000
    loopSpriteAnimation: false
    loopVariation: 0.000000
    name: "dust"
    number: 20.000000
    particleOrientation: 1
    pivotPoint: [0.000000, 0.000000]
    randomFrameOnStart: true
    randomSpinDirection: true
    scaleVelocityBase: 1.000000
    scaleVelocityFactor: 0.000000
    size: [70.000000, 70.000000]
    sizeVariation: [20.000000, 20.000000]
    spin: 6.000000
    spinVariation: 3.000000
    sprite: "../../../../../../../Data/Gfx/Particles/UI/smoke"
    srcBlendFactor: "BLEND_SRC_ALPHA"
    startTime: 0.000000
    type: "layer"
    velocity: 5.000000
    velocityVariation: 8.000000
layer1:
    activeLODS: [1, 1, 1, 1]
    alphaOverLife: [0.000000, 0.000000, 0.438669, 0.852555, 1.000000, 0.000000]
    angle: 1.000000
    angleVariation: 300.000000
    colorOverLife: [238.470810, 232.416336, 56.824902, 255.000000]
    degradeStrategy: 0
    deltaTime: 0.000000
    deltaVariation: 0.000000
    dstBlendFactor: "BLEND_ONE"
    effectFormat: 1
    enableFog: true
    enableFrameBlend: false
    endTime: 1000.000000
    force0: [-1.500000, 0.000000, 0.000000]
    forceCount: 1
    frameOverLifeEnabled: false
    frameOverLifeFPS: 0.000000
    inheritPosition: true
    isLong: false
    isLooped: false
    layerType: "particles"
    life: 6.000000
    lifeVariation: 4.000000
    loopEndTime: 100.000000
    loopSpriteAnimation: true
    loopVariation: 0.000000
    name: "glow"
    number: 2.000000
    particleOrientation: 1
    pivotPoint: [0.000000, 0.000000]
    randomFrameOnStart: false
    randomSpinDirection: true
    scaleVelocityBase: 1.000000
    scaleVelocityFactor: 0.000000
    size: [3.000000, 3.000000]
    sizeVariation: [5.000000, 5.000000]
    spin: 3.000000
    spinVariation: 3.000000
    sprite: "../../../../../../../Data/Gfx/Particles/UI/o2_expGlowB"
    srcBlendFactor: "BLEND_SRC_ALPHA"
    startTime: 0.000000
    type: "layer"
    velocity: 5.000000
    velocityVariation: 5.000000
