emitter:
    emissionAngle: 0.000000
    emissionRange: 70.000000
    emissionVector: [0.000000, 0.000000, 1.000000]
    emissionVectorInverted: true
    name: "debrisGlass"
    radius: 0.500000
    shortEffect: false
    size: [1.000000, 1.000000, 0.000000]
    type: "shockwave"
layer0:
    activeLODS: [1, 1, 0, 0]
    angle: 100.000000
    angleVariation: 100.000000
    blending: 1
    colorOverLife: [140.486404, 140.486404, 140.486404, 255.000000]
    degradeStrategy: 0
    deltaTime: 0.000000
    deltaVariation: 0.000000
    effectFormat: 1
    enableFog: true
    enableFrameBlend: false
    endTime: 0.300000
    force0: [0.000000, 0.000000, -1.000000]
    forceCount: 1
    forceOverLife0: [0.000000, 0.000000, 0.990000, 30.000000]
    frameOverLifeEnabled: false
    frameOverLifeFPS: 15.000000
    inheritPosition: false
    isLong: false
    isLooped: false
    layerType: "particles"
    life: 4.000000
    loopEndTime: 0.000000
    loopSpriteAnimation: false
    loopVariation: 0.000000
    name: "debris_glass"
    number: 15.000000
    particleOrientation: 1
    pivotPoint: [0.000000, 0.000000]
    randomFrameOnStart: false
    randomSpinDirection: false
    scaleVelocityBase: 1.000000
    scaleVelocityFactor: 0.000000
    size: [0.150000, 0.150000]
    sizeVariation: [0.200000, 0.200000]
    spin: 60.000000
    spinVariation: 60.000000
    sprite: "../../../Gfx/Particles/alpha/Glass_one"
    startTime: 0.000000
    type: "layer"
    velocity: 4.000000
    velocityOverLife: [0.000000, 1.000000, 0.480000, 0.300000, 0.990000, 1.003400]
layer1:
    activeLODS: [1, 1, 0, 0]
    angle: 100.000000
    angleVariation: 100.000000
    blending: 1
    colorOverLife: [144.027206, 144.027206, 144.027206, 255.000000]
    degradeStrategy: 0
    deltaTime: 0.000000
    deltaVariation: 0.000000
    effectFormat: 1
    enableFog: true
    enableFrameBlend: false
    endTime: 0.300000
    force0: [0.000000, 0.000000, -1.000000]
    forceCount: 1
    forceOverLife0: [0.000000, 0.000000, 0.990000, 30.000000]
    frameOverLifeEnabled: false
    frameOverLifeFPS: 26.000000
    inheritPosition: false
    isLong: false
    isLooped: false
    layerType: "particles"
    life: 4.000000
    loopEndTime: 0.000000
    loopSpriteAnimation: false
    loopVariation: 0.000000
    name: "debris_glass2"
    number: 20.000000
    particleOrientation: 1
    pivotPoint: [0.000000, 0.000000]
    randomFrameOnStart: false
    randomSpinDirection: false
    scaleVelocityBase: 1.000000
    scaleVelocityFactor: 0.000000
    size: [0.025000, 0.250000]
    sizeVariation: [0.050000, 0.050000]
    spin: 60.000000
    spinVariation: 60.000000
    sprite: "../../../Gfx/Particles/alpha/Glass_two"
    startTime: 0.000000
    type: "layer"
    velocity: 3.000000
    velocityOverLife: [0.000000, 1.000000, 0.480000, 0.300000, 0.990000, 1.003400]
