emitter:
    emissionAngle: 60.000000
    emissionRange: 120.000000
    emissionVector: [0.100000, -0.010000, 1.000000]
    emissionVectorInverted: true
    name: "smoke"
    radius: 2.000000
    shortEffect: false
    size: [1.000000, 0.000000, 0.000000]
    type: "rect"
layer0:
    activeLODS: [0, 1, 1, 0]
    alphaOverLife: [0.000000, 0.000000, 0.090100, 0.502200, 0.799300, 0.000000, 0.990000, 0.000000]
    angle: 180.000000
    angleVariation: 180.000000
    blending: 1
    colorOverLife: [0.000000, [111.000000, 104.000000, 88.000000, 255.000000], 0.997900, [93.000000, 93.000000, 93.000000, 255.000000]]
    degradeStrategy: 2
    deltaTime: 0.000000
    deltaVariation: 0.000000
    effectFormat: 1
    enableFog: true
    enableFrameBlend: false
    endTime: 0.100000
    force0: [0.000000, [0.000000, 0.000000, -2.000000], 0.300000, [0.010000, 0.000000, 0.000000], 0.900000, [0.000000, 0.000000, -0.938700]]
    forceCount: 1
    frameOverLifeEnabled: false
    frameOverLifeFPS: 0.000000
    inheritPosition: false
    isLong: false
    isLooped: false
    layerType: "particles"
    life: 5.000000
    lifeVariation: 3.000000
    loopEndTime: 0.000000
    loopSpriteAnimation: false
    loopVariation: 0.000000
    name: "smoke"
    number: 200.000000
    particleOrientation: 1
    pivotPoint: [0.000000, 0.000000]
    randomFrameOnStart: false
    randomSpinDirection: true
    scaleVelocityBase: 1.000000
    scaleVelocityFactor: 0.000000
    size: [1.000000, 1.000000]
    sizeOverLifeXY: [0.000000, [3.445100, 3.445100], 0.355700, [3.504900, 3.504900], 0.993300, [5.040900, 5.040900]]
    spin: 20.000000
    spinVariation: 20.000000
    sprite: "../../../Gfx/Particles/alpha/explosion_smoke_white"
    startTime: 0.000000
    type: "layer"
    velocity: 3.000000
    velocityOverLife: [0.000000, 1.000000, 0.105300, 0.223500, 0.196700, 0.159100, 0.420000, 0.100000, 0.896300, 0.131400]
    velocityVariation: 3.000000
