emitter:
    emissionAngle: 0.000000
    emissionRange: 90.000000
    emissionVector: [0.000000, 0.000000, 0.010000]
    emissionVectorInverted: true
    name: "butterfly"
    radius: 2.000000
    shortEffect: false
    size: [0.000000, 0.200000, 4.000000]
    type: "oncircle"
layer0:
    activeLODS: [1, 1, 1, 0]
    alphaOverLife: [0.000000, 0.000000, 0.440000, 1.000000, 0.997500, 0.000000]
    blending: 1
    colorOverLife: [255.000000, 222.000000, 35.000000, 255.000000]
    degradeStrategy: 0
    deltaTime: 0.000000
    deltaVariation: 0.000000
    effectFormat: 1
    enableFog: true
    enableFrameBlend: false
    endTime: 0.050000
    frameOverLifeEnabled: true
    frameOverLifeFPS: 15.000000
    inheritPosition: false
    isLong: false
    isLooped: false
    layerType: "particles"
    life: 15.000000
    loopEndTime: 100.000000
    loopSpriteAnimation: true
    loopVariation: 0.000000
    name: "butterfly"
    number: 200.000000
    particleOrientation: 8
    pivotPoint: [5.000000, 0.000000]
    randomFrameOnStart: false
    randomSpinDirection: true
    scaleVelocityBase: 1.000000
    scaleVelocityFactor: 0.000000
    size: [0.150000, 0.150000]
    sizeVariation: [0.050000, 0.050000]
    spin: 70.000000
    spinVariation: [0.000000, 70.000000, 0.020000, 100.000000, 0.050000, 60.000000]
    sprite: "../../../Gfx/Particles/01_tutorial_tut/butterfly"
    startTime: 0.000000
    type: "layer"
    velocity: 1.000000
