emitter:
    emissionAngle: 0.000000
    emissionRange: 1.000000
    emissionVector: [0.000000, 0.000000, 1.000000]
    emissionVectorInverted: true
    name: "cloth"
    radius: 1.000000
    shortEffect: false
    size: [2.400000, 2.500000, 0.100000]
    type: "shockwave"
layer0:
    activeLODS: [1, 1, 0, 0]
    angle: 180.000000
    angleVariation: 180.000000
    blending: 1
    colorOverLife: [120.000000, 134.000000, 101.000000, 255.000000]
    degradeStrategy: 0
    deltaTime: 0.000000
    deltaVariation: 0.000000
    effectFormat: 1
    enableFog: true
    enableFrameBlend: false
    endTime: 0.300000
    force0: [0.000000, [0.000000, 0.000000, -2.000000], 0.900000, [0.000000, 0.000000, -0.938700]]
    forceCount: 1
    forceOverLife0: [0.000000, 1.000000, 1.000000, 7.000000]
    frameOverLifeEnabled: false
    frameOverLifeFPS: 0.000000
    inheritPosition: false
    isLong: false
    isLooped: false
    layerType: "particles"
    life: 3.000000
    loopEndTime: 6.000000
    loopSpriteAnimation: false
    loopVariation: 0.000000
    name: "cloth"
    number: 35.000000
    particleOrientation: 1
    pivotPoint: [0.000000, 1.000000]
    randomFrameOnStart: false
    randomSpinDirection: true
    scaleVelocityBase: 1.000000
    scaleVelocityFactor: 0.000000
    size: [0.050000, 0.050000]
    sizeVariation: [0.200000, 0.200000]
    spin: 30.000000
    spinOverLife: 2.000000
    spinVariation: 5.082200
    sprite: "../../../../Data/Gfx/Particles/alpha/cloth"
    startTime: 0.000000
    type: "layer"
    velocity: 1.000000
    velocityOverLife: [0.000000, 1.000000, 0.052500, 0.587800, 0.434800, 0.450000, 0.906400, 0.497700]
    velocityVariation: 1.000000
layer1:
    activeLODS: [1, 1, 0, 0]
    angle: 180.000000
    angleVariation: 180.000000
    blending: 1
    colorOverLife: [208.000000, 183.000000, 145.000000, 255.000000]
    degradeStrategy: 0
    deltaTime: 0.000000
    deltaVariation: 0.000000
    effectFormat: 1
    enableFog: true
    enableFrameBlend: false
    endTime: 0.300000
    force0: [0.000000, [0.000000, 0.000000, -2.000000], 0.900000, [0.000000, 0.000000, -0.938700]]
    forceCount: 1
    forceOverLife0: [0.000000, 1.000000, 1.000000, 7.000000]
    frameOverLifeEnabled: false
    frameOverLifeFPS: 0.000000
    inheritPosition: false
    isLong: false
    isLooped: false
    layerType: "particles"
    life: 3.000000
    loopEndTime: 6.000000
    loopSpriteAnimation: false
    loopVariation: 0.000000
    name: "clot1"
    number: 35.000000
    particleOrientation: 1
    pivotPoint: [0.000000, 1.000000]
    randomFrameOnStart: false
    randomSpinDirection: true
    scaleVelocityBase: 1.000000
    scaleVelocityFactor: 0.000000
    size: [0.050000, 0.050000]
    sizeVariation: [0.200000, 0.200000]
    spin: 30.000000
    spinOverLife: 2.000000
    spinVariation: 5.082200
    sprite: "../../../../Data/Gfx/Particles/alpha/cloth"
    startTime: 0.000000
    type: "layer"
    velocity: 1.000000
    velocityOverLife: [0.000000, 1.000000, 0.052500, 0.587800, 0.434800, 0.450000, 0.906400, 0.497700]
    velocityVariation: 1.000000
