emitter:
    size: [0.000000, 0.000000, 0.000000]
    name: "sparks"
    type: "rect"
    emissionVectorInverted: true
    shortEffect: false
    emissionVector: [1.000000, -1.000000, 0.000000]
    emissionRange: 60.000000
layer0:
    name: "sparks"
    enableFog: false
    sprite: "../../../../../Data/Gfx/Particles/UI/Default_KeyArt/sparks_t"
    type: "layer"
    lifeVariation: 0.200000
    isLong: false
    layerType: "particles"
    blending: 3
    degradeStrategy: 0
    pivotPoint: [6.000000, -6.000000]
    loopVariation: 0.000000
    angle: 1.000000
    enableFrameBlend: false
    scaleVelocityBase: 1.000000
    scaleVelocityFactor: 0.002000
    life: 0.500000
    number: 100.000000
    spinVariation: 300.000000
    size: [8.000000, 8.000000]
    sizeVariation: [3.000000, 3.000000]
    velocity: 200.000000
    velocityVariation: 300.000000
    spin: 200.000000
    randomSpinDirection: true
    angleVariation: 360.000000
    alphaOverLife: [0.000000, 0.000000, 0.198095, 0.458202, 0.291429, 0.169535, 0.413333, 0.370685, 0.598095, 0.401141, 1.000000, 0.000000]
    colorOverLife: [255.000000, 55.696499, 10.957198, 255.000000]
    frameOverLifeEnabled: false
    frameOverLifeFPS: 0.000000
    randomFrameOnStart: true
    loopSpriteAnimation: true
    deltaTime: 0.000000
    startTime: 0.000000
    endTime: 0.150000
    isLooped: false
    deltaVariation: 0.000000
    loopEndTime: 100.000000
    inheritPosition: true
    particleOrientation: 1
    activeLODS: [1, 1, 1, 1]
    effectFormat: 1
