emitter:
    emissionRange: 30.000000
    emissionVector: [0.000000, 1.000000, 0.000000]
    emissionVectorInverted: true
    name: "confetti"
    radius: 8.000000
    shortEffect: false
    size: [400.000000, 1.000000, 0.000000]
    type: "rect"
layer0:
    activeLODS: [1, 1, 1, 1]
    alphaOverLife: [0.000000, 1.000000, 0.792185, 1.000000, 1.000000, 0.000000]
    angle: 1.000000
    angleVariation: 360.000000
    blending: 1
    colorRandom: [0.000000, [250.817123, 255.000000, 3.984436, 255.000000], 0.530100, [255.000000, 0.996109, 0.996109, 255.000000], 0.998328, [255.000000, 214.342407, 176.307388, 255.000000]]
    degradeStrategy: 0
    deltaTime: 0.000000
    deltaVariation: 0.000000
    effectFormat: 1
    enableFog: false
    enableFrameBlend: false
    endTime: 1000.000000
    frameOverLifeEnabled: false
    frameOverLifeFPS: 0.000000
    inheritPosition: false
    isLong: false
    isLooped: false
    layerType: "particles"
    life: 4.000000
    loopEndTime: 100.000000
    loopSpriteAnimation: true
    loopVariation: 0.000000
    name: "confetti"
    number: 5.000000
    particleOrientation: 1
    pivotPoint: [2.000000, 2.000000]
    randomFrameOnStart: false
    randomSpinDirection: true
    scaleVelocityBase: 1.000000
    scaleVelocityFactor: 0.000000
    size: [13.000000, 8.000000]
    sizeVariation: [0.100000, 0.100000]
    spin: 200.000000
    spinVariation: 90.000000
    sprite: "../../../../../../../Data/Gfx/Particles/UI/treil"
    startTime: 0.000000
    type: "layer"
    velocity: 100.000000
    velocityVariation: 20.000000
