emitter:
    emissionAngle: 0.000000
    emissionRange: 20.000000
    emissionVector: [-1.000000, 0.000000, 0.000000]
    emissionVectorInverted: true
    name: "snow"
    shortEffect: false
    size: [100.000000, 500.000000, 0.000000]
    type: "rect"
layer0:
    activeLODS: [1, 1, 1, 1]
    alphaOverLife: [0.000000, 0.000000, 0.426357, 0.309588, 0.990000, 0.000000]
    angle: 1.000000
    angleVariation: 360.000000
    blending: 3
    colorOverLife: [233.085602, 235.642029, 255.000000, 255.000000]
    degradeStrategy: 0
    deltaTime: 0.000000
    deltaVariation: 0.000000
    effectFormat: 1
    enableFog: false
    enableFrameBlend: false
    endTime: 1000.000000
    frameOverLifeEnabled: false
    frameOverLifeFPS: 0.000000
    inheritPosition: true
    isLong: true
    isLooped: false
    layerType: "particles"
    life: 4.000000
    loopEndTime: 100.000000
    loopSpriteAnimation: true
    loopVariation: 0.000000
    name: "snow"
    number: 14.000000
    particleOrientation: 1
    pivotPoint: [0.000000, 0.000000]
    randomFrameOnStart: false
    randomSpinDirection: true
    scaleVelocityBase: 1.000000
    scaleVelocityFactor: 0.010000
    size: [100.000000, 100.000000]
    spin: 5.000000
    spinVariation: 10.000000
    sprite: "../../../../../Data/Gfx/Particles/UI/LoginNY_2016/pul_snow"
    startTime: 0.000000
    type: "layer"
    velocity: 450.000000
    velocityVariation: 30.000000
