emitter:
    emissionAngle: 0.000000
    emissionRange: 50.000000
    emissionVector: [0.000000, 0.000000, 1.000000]
    emissionVectorInverted: true
    name: "sparks"
    radius: 0.200000
    shortEffect: false
    size: [0.000000, 0.000000, 0.000000]
    type: "oncircle_edges"
layer0:
    activeLODS: [1, 1, 0, 0]
    alphaOverLife: [0.000000, 0.000000, 0.512876, 0.124995, 1.000000, 0.000000]
    blending: 2
    colorOverLife: [255.000000, 172.820999, 30.879377, 255.000000]
    degradeStrategy: 0
    deltaTime: 0.000000
    deltaVariation: 0.000000
    effectFormat: 1
    enableFog: true
    enableFrameBlend: false
    endTime: 10000.000000
    force0: [0.000000, 0.000000, -2.000000]
    forceCount: 1
    frameOverLifeEnabled: false
    frameOverLifeFPS: 0.000000
    inheritPosition: false
    isLong: true
    isLooped: false
    layerType: "particles"
    life: 1.200000
    loopEndTime: 4.000000
    loopSpriteAnimation: true
    loopVariation: 0.000000
    name: "sparks"
    number: 8.000000
    particleOrientation: 1
    pivotPoint: [0.000000, 0.000000]
    randomFrameOnStart: false
    randomSpinDirection: true
    scaleVelocityBase: 0.010000
    scaleVelocityFactor: 1.000000
    size: [0.040000, 0.040000]
    sizeOverLifeXY: [0.000000, [1.500000, 1.500000], 0.990000, [0.000000, 0.000000]]
    sizeVariation: [0.020000, 0.020000]
    sprite: "../../../Gfx/Particles/alpha/Iskr_one"
    startTime: 0.000000
    type: "layer"
    velocity: 3.000000
    velocityOverLife: [0.000000, 1.000000, 0.093000, 0.560100, 0.996500, 0.507600]
    velocityVariation: 0.500000
