emitter:
    emissionAngle: 0.000000
    emissionRange: 60.000000
    emissionVector: [1.000000, 0.000000, 0.000000]
    emissionVectorInverted: true
    name: "debris_wood"
    shortEffect: false
    size: [0.000000, 0.000000, 4.000000]
    type: "rect"
layer0:
    activeLODS: [1, 1, 0, 0]
    angle: 90.000000
    angleVariation: 90.000000
    blending: 1
    colorOverLife: [118.000000, 98.000000, 44.000000, 255.000000]
    degradeStrategy: 0
    deltaTime: 0.000000
    deltaVariation: 0.000000
    effectFormat: 1
    enableFog: true
    enableFrameBlend: false
    endTime: 0.100000
    force0: [0.000000, 0.000000, -26.000000]
    forceCount: 1
    forceOverLife0: [0.000000, 0.600000, 0.990000, 0.000000]
    frameOverLifeEnabled: false
    frameOverLifeFPS: 0.000000
    inheritPosition: false
    isLong: false
    isLooped: false
    layerType: "particles"
    life: 1.000000
    lifeVariation: 1.000000
    loopEndTime: 4.000000
    loopSpriteAnimation: true
    loopVariation: 0.000000
    name: "debris_wood"
    number: 100.000000
    particleOrientation: 1
    pivotPoint: [0.000000, 0.000000]
    randomFrameOnStart: true
    randomSpinDirection: true
    scaleVelocityBase: 0.000000
    scaleVelocityFactor: 0.100000
    size: [0.025000, 0.100000]
    sizeOverLifeXY: [1.500000, 1.500000]
    sizeVariation: [0.015000, 0.015000]
    spin: 400.000000
    spinVariation: 90.000000
    sprite: "../../../../Data/Gfx/Particles/alpha/Awood_chips"
    startTime: 0.000000
    type: "layer"
    velocity: 2.000000
    velocityOverLife: [0.000000, 1.000000, 0.093000, 0.560100, 0.996500, 0.507600]
    velocityVariation: 8.000000
layer1:
    activeLODS: [1, 1, 0, 0]
    angle: 90.000000
    angleVariation: 90.000000
    blending: 1
    colorOverLife: [118.000000, 98.000000, 44.000000, 255.000000]
    degradeStrategy: 0
    deltaTime: 0.000000
    deltaVariation: 0.000000
    effectFormat: 1
    enableFog: true
    enableFrameBlend: false
    endTime: 0.100000
    force0: [0.000000, 0.000000, -26.000000]
    forceCount: 1
    forceOverLife0: [0.000000, 0.600000, 0.990000, 0.000000]
    frameOverLifeEnabled: false
    frameOverLifeFPS: 0.000000
    inheritPosition: false
    isLong: false
    isLooped: false
    layerType: "particles"
    life: 1.000000
    lifeVariation: 1.000000
    loopEndTime: 4.000000
    loopSpriteAnimation: true
    loopVariation: 0.000000
    name: "debris_wood2"
    number: 100.000000
    particleOrientation: 1
    pivotPoint: [-0.000000, -0.000000]
    randomFrameOnStart: true
    randomSpinDirection: true
    scaleVelocityBase: 0.000000
    scaleVelocityFactor: 0.100000
    size: [0.015000, 0.150000]
    sizeOverLifeXY: [1.500000, 1.500000]
    sizeVariation: [0.015000, 0.015000]
    spin: 400.000000
    spinVariation: 90.000000
    sprite: "../../../../Data/Gfx/Particles/alpha/Awood_chips_one"
    startTime: 0.000000
    type: "layer"
    velocity: 2.000000
    velocityOverLife: [0.000000, 1.000000, 0.093000, 0.560100, 0.996500, 0.507600]
    velocityVariation: 8.000000
