emitter:
    emissionAngle: 0.000000
    emissionRange: 120.000000
    emissionVector: [0.000000, 0.000000, 1.000000]
    emissionVectorInverted: true
    name: "debris"
    radius: 0.700000
    shortEffect: false
    size: [0.000000, 0.000000, 0.000000]
    type: "oncircle_edges"
layer0:
    activeLODS: [1, 1, 0, 0]
    angle: 1.000000
    angleVariation: 360.000000
    blending: 1
    colorOverLife: [150.287933, 130.058365, 150.287933, 255.000000]
    degradeStrategy: 0
    deltaTime: 0.000000
    deltaVariation: 0.000000
    effectFormat: 1
    enableFog: true
    enableFrameBlend: true
    endTime: 0.100000
    force0: [0.000000, 0.000000, -7.000000]
    forceCount: 1
    frameOverLifeEnabled: true
    frameOverLifeFPS: 20.000000
    inheritPosition: false
    isLong: false
    isLooped: false
    layerType: "particles"
    life: 4.000000
    loopEndTime: 5.000000
    loopSpriteAnimation: true
    loopVariation: 0.000000
    name: "debris1"
    number: 200.000000
    particleOrientation: 1
    pivotPoint: [0.000000, 0.000000]
    randomFrameOnStart: true
    randomSpinDirection: true
    scaleVelocityBase: 1.000000
    scaleVelocityFactor: 0.000000
    size: [0.050000, 0.050000]
    sizeVariation: [0.150000, 0.150000]
    spin: 90.000000
    spinVariation: 90.000000
    sprite: "../../../Gfx/Particles/alpha/white_debris_anim_two"
    startTime: 0.000000
    type: "layer"
    velocity: 4.000000
    velocityVariation: 4.000000
layer1:
    activeLODS: [1, 1, 0, 0]
    angle: 1.000000
    angleVariation: 360.000000
    blending: 1
    colorOverLife: [150.000000, 130.000000, 150.000000, 255.000000]
    degradeStrategy: 0
    deltaTime: 0.000000
    deltaVariation: 0.000000
    effectFormat: 1
    enableFog: true
    enableFrameBlend: true
    endTime: 0.100000
    force0: [0.000000, 0.000000, -7.000000]
    forceCount: 1
    frameOverLifeEnabled: true
    frameOverLifeFPS: 15.000000
    inheritPosition: false
    isLong: false
    isLooped: false
    layerType: "particles"
    life: 4.000000
    loopEndTime: 5.000000
    loopSpriteAnimation: true
    loopVariation: 0.000000
    name: "debris2"
    number: 200.000000
    particleOrientation: 1
    pivotPoint: [0.000000, 0.000000]
    randomFrameOnStart: true
    randomSpinDirection: true
    scaleVelocityBase: 1.000000
    scaleVelocityFactor: 0.000000
    size: [0.050000, 0.050000]
    sizeVariation: [0.150000, 0.150000]
    spin: 90.000000
    spinVariation: 90.000000
    sprite: "../../../Gfx/Particles/alpha/white_debris_anim_one"
    startTime: 0.000000
    type: "layer"
    velocity: 4.000000
    velocityVariation: 4.000000
