emitter:
    emissionAngle: 0.000000
    emissionRange: 1.000000
    emissionVector: [-0.000000, 1.000000, 0.010000]
    emissionVectorInverted: true
    name: "flash_top"
    shortEffect: true
    size: [0.000000, 0.000000, 0.000000]
    type: "point"
layer0:
    activeLODS: [0, 1, 0, 0]
    alphaOverLife: [0.000000, 0.000000, 0.388300, 0.394200, 0.580100, 0.390900, 0.876300, 0.030400, 1.000000, 0.000000]
    angle: 180.000000
    angleVariation: 180.000000
    blending: 1
    colorOverLife: [77.000000, 77.000000, 90.000000, 255.000000]
    degradeStrategy: 0
    deltaTime: 0.000000
    deltaVariation: 0.000000
    effectFormat: 1
    enableFog: true
    enableFrameBlend: false
    endTime: 1.500000
    force0: [0.000000, 1.000000, 2.000000]
    forceCount: 1
    forceOverLife0: [0.000000, 0.000000, 1.000000, 2.000000]
    frameOverLifeEnabled: false
    frameOverLifeFPS: 0.000000
    inheritPosition: false
    isLong: false
    isLooped: false
    layerType: "particles"
    life: 1.500000
    loopEndTime: 4.000000
    loopSpriteAnimation: true
    loopVariation: 0.000000
    name: "smoke"
    number: 10.000000
    particleOrientation: 1
    pivotPoint: [0.000000, 0.000000]
    randomFrameOnStart: false
    randomSpinDirection: true
    scaleVelocityBase: 0.000000
    scaleVelocityFactor: 0.000000
    size: [1.500000, 1.500000]
    sizeOverLifeXY: [0.000000, [0.200000, 0.200000], 1.000000, [1.000000, 1.000000]]
    spin: -90.000000
    spinOverLife: [0.000400, 1.000000, 1.000000, 0.000000]
    spinVariation: 60.000000
    sprite: "../../../../../Data/Gfx/Particles/alpha/explosion_smoke_white"
    startTime: 0.100000
    type: "layer"
    velocity: 1.000000
    velocityOverLife: [0.000000, 1.000000, 1.000000, 0.000000]
layer1:
    activeLODS: [1, 1, 1, 0]
    alphaOverLife: 0.500000
    blending: 3
    colorOverLife: [255.000000, 159.000000, 3.000000, 255.000000]
    degradeStrategy: 0
    deltaTime: 0.000000
    deltaVariation: 0.000000
    effectFormat: 1
    enableFog: false
    enableFrameBlend: false
    endTime: 0.100000
    frameOverLifeEnabled: false
    frameOverLifeFPS: 120.000000
    inheritPosition: true
    isLong: false
    isLooped: false
    layerType: "single"
    life: 0.150000
    loopEndTime: 4.000000
    loopSpriteAnimation: true
    loopVariation: 0.000000
    name: "flash"
    particleOrientation: 4
    pivotPoint: [0.000000, 0.000000]
    randomFrameOnStart: false
    randomSpinDirection: false
    scaleVelocityBase: 0.000000
    scaleVelocityFactor: 0.000000
    size: [0.500000, 0.500000]
    sizeOverLifeXY: [0.000000, [0.000000, 0.000000], 0.990000, [3.000000, 3.000000]]
    sprite: "../../../../../Data/Gfx/Particles/alpha/expqF"
    startTime: 0.000000
    type: "layer"
    velocity: 1.000000
