emitter:
    emissionAngle: 0.000000
    emissionRange: 120.000000
    emissionVector: [0.000000, 0.000000, 1.000000]
    emissionVectorInverted: true
    name: "sparks"
    radius: 1.000000
    shortEffect: false
    size: [0.000000, 0.000000, 0.000000]
    type: "oncircle"
layer0:
    activeLODS: [1, 1, 0, 0]
    blending: 3
    colorOverLife: [255.000000, 154.000000, 134.000000, 255.000000]
    degradeStrategy: 0
    deltaTime: 0.000000
    deltaVariation: 0.000000
    effectFormat: 1
    enableFog: true
    enableFrameBlend: false
    endTime: 0.100000
    force0: [0.000000, 0.000000, -50.000000]
    forceCount: 1
    frameOverLifeEnabled: false
    frameOverLifeFPS: 0.000000
    inheritPosition: false
    isLong: true
    isLooped: false
    layerType: "particles"
    life: 2.000000
    lifeVariation: 2.000000
    loopEndTime: 10.000000
    loopSpriteAnimation: true
    loopVariation: 0.000000
    name: "sparks"
    number: 800.000000
    particleOrientation: 1
    pivotPoint: [0.000000, 0.000000]
    randomFrameOnStart: false
    randomSpinDirection: false
    scaleVelocityBase: 0.100000
    scaleVelocityFactor: 0.700000
    size: [0.020000, 0.020000]
    sizeVariation: [0.010000, 0.010000]
    sprite: "../../../../Data/Gfx/Particles/alpha/Iskr"
    startTime: 0.000000
    type: "layer"
    velocity: 15.000000
    velocityVariation: 15.000000
