emitter:
    emissionAngle: 0.000000
    emissionRange: 10.000000
    emissionVector: [0.000000, 0.000000, 1.000000]
    emissionVectorInverted: true
    name: "Particle Emitter"
    shortEffect: false
    size: [0.000000, 0.000000, 0.000000]
    type: "point"
layer0:
    activeLODS: [1, 1, 1, 1]
    blending: 1
    colorOverLife: [121.000000, 90.000000, 80.000000, 255.000000]
    degradeStrategy: 0
    deltaTime: 0.000000
    deltaVariation: 0.000000
    effectFormat: 1
    enableFog: true
    enableFrameBlend: false
    endTime: 2.000000
    forceCount: 1
    frameOverLifeEnabled: true
    frameOverLifeFPS: 10.000000
    inheritPosition: true
    isLong: false
    isLooped: false
    layerType: "single"
    life: 3.000000
    loopEndTime: 10.000000
    loopSpriteAnimation: true
    loopVariation: 0.000000
    name: "debris_spawn1"
    number: 60.000000
    particleOrientation: 1
    pivotPoint: [0.000000, 0.000000]
    randomFrameOnStart: true
    randomSpinDirection: true
    scaleVelocityBase: 0.000000
    scaleVelocityFactor: 0.000000
    size: [0.150000, 0.150000]
    spin: 180.000000
    sprite: "../../../../Data/Gfx/Particles/alpha/tank_element_two"
    startTime: 0.000000
    type: "layer"
    velocity: 0.010000
layer1:
    activeLODS: [1, 1, 1, 1]
    alphaOverLife: [0.000000, 0.372300, 0.232600, 0.294700, 0.670100, 0.109500, 0.998300, 0.000000]
    blending: 3
    colorOverLife: [255.000000, 150.000000, 64.000000, 255.000000]
    degradeStrategy: 0
    deltaTime: 0.000000
    deltaVariation: 0.000000
    effectFormat: 1
    enableFog: true
    enableFrameBlend: false
    endTime: 4.000000
    forceCount: 1
    frameOverLifeEnabled: false
    frameOverLifeFPS: 32.000000
    inheritPosition: true
    isLong: false
    isLooped: false
    layerType: "particles"
    life: 1.000000
    loopEndTime: 10.000000
    loopSpriteAnimation: false
    loopVariation: 0.000000
    name: "fire_spawn1"
    number: 4.000000
    particleOrientation: 1
    pivotPoint: [0.000000, 0.000000]
    randomFrameOnStart: false
    randomSpinDirection: true
    scaleVelocityBase: 0.000000
    scaleVelocityFactor: 1.000000
    size: [0.500000, 0.500000]
    sizeOverLifeXY: [0.000000, [0.500000, 0.500000], 0.990000, [1.000000, 1.000000]]
    spin: 90.000000
    spinVariation: 90.000000
    sprite: "../../../../Data/Gfx/Particles/alpha/explosion_smoke_white"
    startTime: 0.000000
    type: "layer"
    velocity: 0.100000
