emitter:
    emissionAngle: 0.000000
    emissionRange: 80.000000
    emissionVector: [0.000000, 0.000000, 1.000000]
    emissionVectorInverted: true
    name: "fire_big"
    radius: 1.000000
    shortEffect: false
    size: [0.000000, 0.000000, 0.000000]
    type: "oncircle"
layer0:
    activeLODS: [0, 1, 0, 0]
    alphaOverLife: [0.000000, 0.000000, 0.338500, 0.945000, 0.704500, 0.934700, 0.866000, 0.032900, 0.990000, 0.000000]
    angle: 90.000000
    angleVariation: 90.000000
    animSpeedOverLife: [0.000000, 0.800000, 1.000000, 0.200000]
    blending: 3
    colorOverLife: [95.000000, 103.000000, 111.000000, 255.000000]
    degradeStrategy: 0
    deltaTime: 0.000000
    deltaVariation: 0.000000
    effectFormat: 1
    enableFog: false
    enableFrameBlend: true
    endTime: 0.700000
    force0: [0.000000, 0.000000, 0.000000]
    forceCount: 1
    frameOverLifeEnabled: true
    frameOverLifeFPS: 15.000000
    inheritPosition: false
    isLong: false
    isLooped: false
    layerType: "particles"
    life: 3.000000
    lifeVariation: 3.000000
    loopEndTime: 6.000000
    loopSpriteAnimation: false
    loopVariation: 0.000000
    name: "fire_big"
    number: 20.000000
    particleOrientation: 1
    pivotPoint: [0.000000, 0.000000]
    randomFrameOnStart: false
    randomSpinDirection: true
    scaleVelocityBase: 1.000000
    scaleVelocityFactor: 0.000000
    size: [3.000000, 3.000000]
    sizeOverLifeXY: [0.000000, [1.000000, 1.000000], 0.990000, [2.000000, 2.000000]]
    spin: 5.000000
    spinVariation: 10.000000
    sprite: "../../../Gfx/Particles/additive/exp_anim_L"
    startTime: 0.000000
    type: "layer"
    velocity: 0.100000
    velocityOverLife: [0.000000, 0.300000, 0.785200, 0.261900, 0.990000, 0.000000]
    velocityVariation: 10.000000
