emitter:
    emissionRange: 60.000000
    emissionVector: [0.000000, 0.000000, 1.000000]
    emissionVectorInverted: true
    name: "debris1"
    shortEffect: false
    size: [0.100000, 5.000000, 0.100000]
    type: "rect"
layer0:
    activeLODS: [1, 1, 0, 0]
    angle: 90.000000
    blending: 1
    colorOverLife: [255.000000, 255.000000, 241.000000, 255.000000]
    degradeStrategy: 0
    deltaTime: 0.000000
    deltaVariation: 0.000000
    effectFormat: 1
    enableFog: true
    enableFrameBlend: false
    endTime: 0.100000
    force0: [0.000000, 0.000000, -10.000000]
    forceCount: 1
    frameOverLifeEnabled: false
    frameOverLifeFPS: 0.000000
    inheritPosition: false
    isLong: false
    isLooped: false
    layerType: "particles"
    life: 5.000000
    loopEndTime: 10.000000
    loopSpriteAnimation: true
    loopVariation: 0.000000
    name: "debris5"
    number: 100.000000
    particleOrientation: 1
    pivotPoint: [0.000000, 0.000000]
    randomFrameOnStart: false
    randomSpinDirection: true
    scaleVelocityBase: 1.000000
    scaleVelocityFactor: 0.000000
    size: [0.100000, 0.150000]
    sizeVariation: [0.000000, 1.000000]
    spin: 120.000000
    spinVariation: 180.000000
    sprite: "../../../../Data/Gfx/Particles/alpha/flinders_barier"
    startTime: 0.000000
    type: "layer"
    velocity: 5.000000
    velocityVariation: 3.000000
layer1:
    activeLODS: [1, 1, 0, 0]
    angle: 90.000000
    blending: 1
    colorOverLife: [255.000000, 255.000000, 241.000000, 255.000000]
    degradeStrategy: 0
    deltaTime: 0.000000
    deltaVariation: 0.000000
    effectFormat: 1
    enableFog: true
    enableFrameBlend: false
    endTime: 0.100000
    force0: [0.000000, 0.000000, -10.000000]
    forceCount: 1
    frameOverLifeEnabled: false
    frameOverLifeFPS: 0.000000
    inheritPosition: false
    isLong: false
    isLooped: false
    layerType: "particles"
    life: 5.000000
    loopEndTime: 10.000000
    loopSpriteAnimation: true
    loopVariation: 0.000000
    name: "debris6"
    number: 50.000000
    particleOrientation: 1
    pivotPoint: [0.000000, 0.000000]
    randomFrameOnStart: false
    randomSpinDirection: true
    scaleVelocityBase: 1.000000
    scaleVelocityFactor: 0.000000
    size: [0.100000, 0.150000]
    sizeVariation: [0.000000, 0.400000]
    spin: 120.000000
    spinVariation: 180.000000
    sprite: "../../../../Data/Gfx/Particles/alpha/flinders_barier"
    startTime: 0.000000
    type: "layer"
    velocity: 5.000000
    velocityVariation: 3.000000
