emitter:
    emissionRange: 60.000000
    emissionVector: [0.000000, 0.000000, 1.000000]
    emissionVectorInverted: true
    name: "wood_debris"
    shortEffect: false
    size: [0.000000, 0.000000, 4.000000]
    type: "rect"
layer0:
    activeLODS: [1, 1, 0, 0]
    angle: 90.000000
    blending: 1
    colorOverLife: [189.000000, 115.000000, 51.000000, 255.000000]
    degradeStrategy: 0
    deltaTime: 0.000000
    deltaVariation: 0.000000
    effectFormat: 1
    enableFog: true
    enableFrameBlend: false
    endTime: 0.300000
    force0: [0.000000, 0.000000, -1.000000]
    forceCount: 1
    forceOverLife0: [0.000000, 0.000000, 0.990000, 30.000000]
    frameOverLifeEnabled: false
    frameOverLifeFPS: 20.000000
    inheritPosition: false
    isLong: false
    isLooped: false
    layerType: "particles"
    life: 2.000000
    loopEndTime: 0.000000
    loopSpriteAnimation: true
    loopVariation: 0.000000
    name: "debris_wood2"
    number: 30.000000
    particleOrientation: 1
    pivotPoint: [0.000000, 0.000000]
    randomFrameOnStart: false
    randomSpinDirection: true
    scaleVelocityBase: 1.000000
    scaleVelocityFactor: 0.000000
    size: [0.500000, 0.050000]
    spin: 60.000000
    spinVariation: 60.000000
    sprite: "../../../../Data/Gfx/Particles/alpha/flinders_one"
    startTime: 0.000000
    type: "layer"
    velocity: 1.000000
    velocityOverLife: [0.000000, 1.000000, 0.480000, 0.300000, 0.990000, 1.003400]
layer1:
    activeLODS: [0, 1, 1, 0]
    alphaOverLife: [0.000000, 0.000000, 0.079900, 0.368800, 0.558200, 0.175900, 0.990000, 0.000000]
    angle: 180.000000
    angleVariation: 180.000000
    blending: 1
    colorOverLife: [220.000000, 162.000000, 110.000000, 255.000000]
    degradeStrategy: 2
    deltaTime: 0.000000
    deltaVariation: 0.000000
    effectFormat: 1
    enableFog: true
    enableFrameBlend: false
    endTime: 0.300000
    force0: [0.000000, [0.000000, 0.000000, -0.500000], 0.300000, [0.000000, 0.000000, -0.500000], 0.900000, [0.000000, 0.000000, -0.938700]]
    forceCount: 1
    frameOverLifeEnabled: false
    frameOverLifeFPS: 0.000000
    inheritPosition: false
    isLong: false
    isLooped: false
    layerType: "particles"
    life: 5.000000
    lifeVariation: 3.000000
    loopEndTime: 0.000000
    loopSpriteAnimation: true
    loopVariation: 0.000000
    name: "dust"
    number: 25.000000
    particleOrientation: 1
    pivotPoint: [0.000000, 0.000000]
    randomFrameOnStart: false
    randomSpinDirection: false
    scaleVelocityBase: 1.000000
    scaleVelocityFactor: 0.000000
    size: [0.500000, 0.500000]
    sizeOverLifeXY: [0.000000, [1.000000, 1.000000], 1.000000, [2.000000, 2.000000]]
    sizeVariation: [1.000000, 1.000000]
    spin: 10.000000
    spinOverLife: 1.000000
    spinVariation: 5.082200
    sprite: "../../../../Data/Gfx/Particles/alpha/fog_white"
    startTime: 0.000000
    type: "layer"
    velocity: 0.500000
    velocityOverLife: [0.000000, 1.000000, 0.052500, 0.587800, 0.434800, 0.450000, 0.906400, 0.497700]
