emitter:
    emissionAngle: 60.000000
    emissionRange: 180.000000
    emissionVector: [0.100000, -0.010000, 2.000000]
    emissionVectorInverted: true
    name: "dust shok"
    radius: 0.500000
    shortEffect: false
    size: [0.000000, 0.000000, 0.000000]
    type: "shockwave"
layer0:
    activeLODS: [0, 1, 0, 0]
    alphaOverLife: [0.000000, 0.000000, 0.076800, 0.474500, 0.558000, 0.503600, 0.990000, 0.000000]
    angle: 180.000000
    angleVariation: 180.000000
    blending: 1
    colorOverLife: [134.276260, 99.365761, 78.774315, 255.000000]
    degradeStrategy: 2
    deltaTime: 0.000000
    deltaVariation: 0.000000
    effectFormat: 1
    enableFog: true
    enableFrameBlend: false
    endTime: 0.300000
    frameOverLifeEnabled: false
    frameOverLifeFPS: 16.000000
    inheritPosition: false
    isLong: false
    isLooped: false
    layerType: "particles"
    life: 2.000000
    lifeVariation: 1.000000
    loopEndTime: 6.000000
    loopSpriteAnimation: false
    loopVariation: 0.000000
    name: "dust_shok"
    number: 200.000000
    particleOrientation: 1
    pivotPoint: [0.000000, 0.000000]
    randomFrameOnStart: false
    randomSpinDirection: false
    scaleVelocityBase: 1.000000
    scaleVelocityFactor: 0.000000
    size: [0.500000, 0.500000]
    sizeOverLifeXY: [0.000000, [2.000000, 2.000000], 0.542100, [3.217500, 3.217500], 1.000000, [3.039400, 3.000000]]
    sizeVariation: [0.250000, 0.250000]
    spin: 20.000000
    spinVariation: 10.000000
    sprite: "../../../../Data/Gfx/Particles/alpha/explosion_smoke_white"
    startTime: 0.000000
    type: "layer"
    velocity: 3.000000
    velocityOverLife: [0.000000, 3.000000, 0.052500, 0.587800, 0.240000, 0.000000, 0.920000, 0.000000]
    velocityVariation: 1.000000
