emitter:
    emissionRange: 180.000000
    emissionVector: [0.000000, 0.000000, 0.010000]
    emissionVectorInverted: true
    name: "dust2"
    radius: 2.000000
    shortEffect: false
    size: [2.000000, 6.000000, 0.000000]
    type: "oncircle"
layer0:
    activeLODS: [0, 1, 0, 0]
    alphaOverLife: [0.000000, 0.700000, 0.990000, 0.000000]
    blending: 1
    colorOverLife: [173.000000, 147.000000, 105.000000, 255.000000]
    degradeStrategy: 2
    deltaTime: 0.000000
    deltaVariation: 0.000000
    effectFormat: 1
    enableFog: true
    enableFrameBlend: false
    endTime: 0.050000
    force0: [0.000000, 100.000000, 0.000000]
    forceCount: 1
    frameOverLifeEnabled: false
    frameOverLifeFPS: 0.000000
    inheritPosition: false
    isLong: false
    isLooped: false
    layerType: "particles"
    life: 2.000000
    loopEndTime: 100.000000
    loopSpriteAnimation: true
    loopVariation: 0.000000
    name: "dust3"
    number:
        externalVariable: "amount"
        modification_line: [0.000000, 0.000000, 0.991000, 1.000000]
        value_line: 2000.000000
    particleOrientation: 1
    pivotPoint: [0.000000, 0.000000]
    randomFrameOnStart: false
    randomSpinDirection: true
    scaleVelocityBase: 1.000000
    scaleVelocityFactor: 0.000000
    size: [1.000000, 1.000000]
    sizeOverLifeXY: [0.000000, [1.179200, 1.179200], 0.087700, [1.282900, 1.282900], 0.990000, [3.000000, 3.000000]]
    spin: 50.000000
    spinVariation: 15.000000
    sprite: "../../../../../Data/Gfx/Particles/alpha/fog_white"
    startTime: 0.000000
    type: "layer"
    velocity: 20.000000
    velocityOverLife: [0.000000, 2.000000, 0.010000, 0.010000]
    velocityVariation: 200.000000
