emitter:
    emissionAngle: 90.000000
    emissionRange: 10.000000
    emissionVector: [0.000000, [-0.000000, -0.000000, 2.000000], 57.005501, [0.000000, 0.000000, 2.000000], 99.449997, [0.000000, 0.000000, 0.500000]]
    emissionVectorInverted: true
    name: "fog_lod"
    radius: 1.000000
    shortEffect: false
    size: [0.000000, [0.000000, 1.000000, 0.000000], 99.589996, [0.000000, 0.200000, 0.000000]]
    type: "point"
layer0:
    activeLODS: [0, 0, 0, 0]
    alphaOverLife: [0.000000, 0.000000, 0.098100, 0.004300, 0.228100, 0.926000, 0.522900, 0.683700, 0.990000, 0.000000]
    angle: 60.000000
    blending: 3
    colorOverLife: [0.000000, [248.712097, 152.509705, 44.630299, 255.000000], 0.995900, [135.844299, 17.579800, 0.000000, 255.000000]]
    degradeStrategy: 0
    deltaTime: 0.000000
    deltaVariation: 0.000000
    effectFormat: 1
    enableFog: true
    enableFrameBlend: false
    endTime: 100.000000
    force0: [0.500000, 0.050000, 0.100000]
    force1: [0.000000, [0.000000, 0.000000, 10.047400], 11.764700, [0.000000, 0.000000, 10.047400], 34.967300, [0.000000, 0.000000, 5.200700], 99.509804, [0.000000, 0.000000, 1.726200]]
    forceCount: 2
    forceOverLife0: [0.000000, 1.000000, 75.672096, 2.147000]
    forceOverLife1: [0.000000, 0.070000, 0.482000, 0.094500, 1.000000, 0.515200]
    frameOverLifeEnabled: false
    frameOverLifeFPS: 20.000000
    inheritPosition: false
    isLong: false
    isLooped: false
    layerType: "particles"
    life: [0.000000, 1.000000, 7.000000, 1.000000, 34.150299, 0.648200, 99.346397, 0.519100, 100.000000, 0.515700]
    lifeVariation: 0.500000
    loopEndTime: 0.000000
    loopSpriteAnimation: true
    loopVariation: 0.000000
    name: "fire_lod"
    number: 2.000000
    numberVariation: 1.000000
    particleOrientation: 1
    pivotPoint: [-0.000000, -0.000000]
    randomFrameOnStart: false
    randomSpinDirection: false
    scaleVelocityBase: 1.000000
    scaleVelocityFactor: 0.000000
    size: [1.000000, 1.000000]
    spinVariation: 60.000000
    sprite: "../../../Data/Gfx/Particles/alpha/fog"
    startTime: 0.000000
    type: "layer"
    velocity: 0.100000
layer1:
    activeLODS: [0, 0, 0, 0]
    alphaOverLife: [0.000000, 0.000000, 0.050800, 0.000000, 0.094800, 0.087300, 0.135600, 0.274800, 0.308800, 0.349600, 0.619300, 0.318500, 0.877500, 0.029200, 1.000000, 0.000000]
    angleVariation: 120.000000
    blending: 1
    colorOverLife: [0.000000, [90.303497, 90.338501, 82.062302, 255.000000], 0.997600, [170.299606, 170.268494, 152.805405, 255.000000]]
    degradeStrategy: 0
    deltaTime: 0.000000
    deltaVariation: 0.000000
    effectFormat: 1
    enableFog: true
    enableFrameBlend: true
    endTime: 100.000000
    force0: [0.000000, 0.000000, 0.500000]
    forceCount: 1
    forceOverLife0: [0.000000, 1.000000, 1.000000, 0.800000]
    frameOverLifeEnabled: true
    frameOverLifeFPS: 6.000000
    inheritPosition: false
    isLong: false
    isLooped: false
    layerType: "particles"
    life: 1.000000
    lifeVariation: 0.000000
    loopEndTime: 0.000000
    loopSpriteAnimation: true
    loopVariation: 0.000000
    name: "fog_lod"
    number: 3.000000
    particleOrientation: 1
    pivotPoint: [-0.000000, -0.000000]
    randomFrameOnStart: false
    randomSpinDirection: false
    scaleVelocityBase: 1.000000
    scaleVelocityFactor: 0.000000
    size: [1.000000, 1.000000]
    sizeOverLifeXY: [0.000000, [0.483200, 0.483200], 0.179700, [0.636600, 0.636600], 1.000000, [1.297900, 1.297900]]
    sizeVariation: [1.000000, 1.000000]
    sprite: "../../../Data/Gfx/Particles/alpha/dum_anim"
    startTime: 0.000000
    type: "layer"
    velocity: [0.000000, 0.712100, 13.071900, 1.067200, 99.510002, 1.000000]
    velocityOverLife: [0.000000, 1.000000, 0.530500, 0.801500, 1.000000, 0.607300, 26.790001, 0.000000, 99.469498, 0.024500]
    velocityVariation: 0.010000
