emitter:
    emissionAngle: 0.000000
    emissionRange: 360.000000
    emissionVector: [-1.000000, -0.000000, -0.000000]
    emissionVectorInverted: true
    name: "Particle Emitter"
    radius: 40.000000
    shortEffect: false
    size: [0.000000, 0.000000, 0.000000]
    type: "point"
layer0:
    activeLODS: [1, 1, 1, 1]
    alphaOverLife: [0.000000, 0.700000, 0.990000, 0.000000]
    blending: 3
    colorOverLife: [0.000000, [255.000000, 224.000000, 98.000000, 255.000000], 0.754900, [93.976700, 43.431900, 0.000000, 255.000000], 0.997600, [255.000000, 128.000000, 0.000000, 255.000000]]
    degradeStrategy: 0
    deltaTime: 0.000000
    deltaVariation: 0.000000
    effectFormat: 1
    enableFog: true
    enableFrameBlend: false
    endTime: 0.050000
    frameOverLifeEnabled: false
    frameOverLifeFPS: 0.000000
    inheritPosition: false
    isLong: false
    isLooped: false
    layerType: "particles"
    life: 1.000000
    loopEndTime: 0.000000
    loopSpriteAnimation: true
    loopVariation: 0.000000
    name: "Exp"
    number: 30.000000
    particleOrientation: 1
    pivotPoint: [-0.000000, -0.000000]
    randomFrameOnStart: false
    randomSpinDirection: false
    scaleVelocityBase: 1.000000
    scaleVelocityFactor: 0.000000
    size: [1.500000, 1.500000]
    sprite: "../../../Data/Gfx/Particles/alpha/expqF"
    startTime: 0.000000
    type: "layer"
    velocity: 0.010000
layer1:
    activeLODS: [1, 1, 1, 1]
    alphaOverLife: [0.000000, 0.000000, 0.074300, 0.916600, 0.980000, 0.000000]
    blending: 3
    colorOverLife: [0.000000, [255.000000, 254.498001, 204.424103, 255.000000], 0.674800, [101.027199, 36.910500, 0.000000, 255.000000], 0.992700, [255.000000, 140.120605, 0.000000, 255.000000]]
    degradeStrategy: 0
    deltaTime: 0.000000
    deltaVariation: 0.000000
    effectFormat: 1
    enableFog: true
    enableFrameBlend: false
    endTime: 0.100000
    force0: [0.000000, 0.000000, 15.000000]
    forceCount: 1
    frameOverLifeEnabled: false
    frameOverLifeFPS: 0.000000
    inheritPosition: false
    isLong: false
    isLooped: false
    layerType: "particles"
    life: 0.500000
    lifeVariation: 0.000000
    loopEndTime: 0.000000
    loopSpriteAnimation: true
    loopVariation: 0.000000
    name: "as"
    number: 30.000000
    particleOrientation: 1
    pivotPoint: [-0.000000, -0.000000]
    randomFrameOnStart: false
    randomSpinDirection: false
    scaleVelocityBase: 1.000000
    scaleVelocityFactor: 0.000000
    size: [2.000000, 2.000000]
    sprite: "../../../Data/Gfx/Particles/alpha/fog"
    startTime: 0.000000
    type: "layer"
    velocity: 4.000000
