emitter:
    emissionAngle: 0.000000
    emissionRange: 0.000000
    emissionVector: [0.000000, 0.000000, 1.000000]
    emissionVectorInverted: true
    name: "water2"
    radius: 1.000000
    shortEffect: false
    size: [0.000000, 0.000000, 0.000000]
    type: "shockwave"
layer0:
    activeLODS: [0, 1, 0, 0]
    alphaOverLife: [0.000000, 0.000000, 0.310100, 0.273600, 0.472900, 0.188500, 0.790700, 0.038800, 0.990000, 0.000000]
    angle: 90.000000
    angleVariation: 90.000000
    blending: 1
    colorOverLife: [235.000000, 253.000000, 255.000000, 255.000000]
    degradeStrategy: 2
    deltaTime: 0.000000
    deltaVariation: 0.000000
    effectFormat: 1
    enableFog: true
    enableFrameBlend: false
    endTime: 0.100000
    force0: [0.000000, 0.000000, 0.100000]
    forceCount: 1
    forceOverLife0: [0.000000, 1.000000, 0.990000, 0.000000]
    frameOverLifeEnabled: false
    frameOverLifeFPS: 6.000000
    inheritPosition: false
    isLong: false
    isLooped: false
    layerType: "particles"
    life: 4.000000
    lifeVariation: 1.000000
    loopEndTime: 4.000000
    loopSpriteAnimation: false
    loopVariation: 0.000000
    name: "water3"
    number: 200.000000
    particleOrientation: 8
    pivotPoint: [0.000000, 0.000000]
    randomFrameOnStart: false
    randomSpinDirection: true
    scaleVelocityBase: 0.000000
    scaleVelocityFactor: 0.000000
    size:
        externalVariable: "velocity"
        modification_line: [0.000000, [0.500000, 0.500000], 1.000000, [1.000000, 1.000000]]
        value_line: [3.000000, 3.000000]
    sizeOverLifeXY: [0.000000, [1.000000, 1.000000], 1.000000, [4.000000, 4.000000]]
    spin: 5.000000
    spinVariation: 5.000000
    sprite: "../../Gfx/Particles/alpha/water"
    startTime: 0.000000
    type: "layer"
    velocity:
        externalVariable: "velocity"
        modification_line: [0.000000, 0.500000, 0.994000, 1.000000]
        value_line: 10.000000
    velocityOverLife: [0.000000, 1.000000, 0.020000, 0.040000, 0.300000, 0.000000]
