emitter:
    emissionAngle: 0.000000
    emissionRange: 60.000000
    emissionVector: [0.000000, 0.000000, 1.000000]
    emissionVectorInverted: true
    name: "debris"
    shortEffect: false
    size: [0.000000, 0.000000, 0.000000]
    type: "point"
layer0:
    activeLODS: [1, 1, 0, 0]
    angle: 100.000000
    angleVariation: 100.000000
    blending: 1
    colorOverLife: [93.264587, 81.891045, 73.929955, 255.000000]
    degradeStrategy: 0
    deltaTime: 0.000000
    deltaVariation: 0.000000
    effectFormat: 1
    enableFog: true
    enableFrameBlend: false
    endTime: 0.100000
    force0: [0.000000, 0.000000, -1.000000]
    forceCount: 1
    forceOverLife0: [0.000000, 0.000000, 0.990000, 30.000000]
    frameOverLifeEnabled: true
    frameOverLifeFPS: 20.000000
    inheritPosition: false
    isLong: false
    isLooped: false
    layerType: "particles"
    life: 2.000000
    loopEndTime: 0.000000
    loopSpriteAnimation: true
    loopVariation: 0.000000
    name: "debris1"
    number: 60.000000
    particleOrientation: 1
    pivotPoint: [0.000000, 0.000000]
    randomFrameOnStart: false
    randomSpinDirection: false
    scaleVelocityBase: 1.000000
    scaleVelocityFactor: 0.000000
    size: [0.100000, 0.150000]
    sizeVariation: [0.400000, 0.100000]
    spinVariation: 60.000000
    sprite: "../../../../Data/Gfx/Particles/alpha/fragment_car_three"
    startTime: 0.000000
    type: "layer"
    velocity: 1.500000
    velocityOverLife: [0.000000, 1.000000, 0.480000, 0.300000, 0.990000, 1.003400]
    velocityVariation: 2.000000
layer1:
    activeLODS: [1, 1, 0, 0]
    angle: 100.000000
    angleVariation: 100.000000
    blending: 1
    colorOverLife: [104.000000, 79.000000, 72.000000, 255.000000]
    degradeStrategy: 0
    deltaTime: 0.000000
    deltaVariation: 0.000000
    effectFormat: 1
    enableFog: true
    enableFrameBlend: false
    endTime: 0.100000
    force0: [0.000000, 0.000000, -1.000000]
    forceCount: 1
    forceOverLife0: [0.000000, 0.000000, 0.990000, 30.000000]
    frameOverLifeEnabled: true
    frameOverLifeFPS: 20.000000
    inheritPosition: false
    isLong: false
    isLooped: false
    layerType: "particles"
    life: 2.000000
    loopEndTime: 0.000000
    loopSpriteAnimation: true
    loopVariation: 0.000000
    name: "debris2"
    number: 30.000000
    particleOrientation: 1
    pivotPoint: [0.000000, 0.000000]
    randomFrameOnStart: false
    randomSpinDirection: false
    scaleVelocityBase: 1.000000
    scaleVelocityFactor: 0.000000
    size: [0.300000, 0.100000]
    spinVariation: 60.000000
    sprite: "../../../../Data/Gfx/Particles/alpha/fragment_car_one"
    startTime: 0.000000
    type: "layer"
    velocity: 2.500000
    velocityOverLife: [0.000000, 1.000000, 0.480000, 0.300000, 0.990000, 1.003400]
    velocityVariation: 1.000000
