emitter:
    emissionAngle: 60.000000
    emissionRange: 30.000000
    emissionVector: [0.100000, -0.010000, 2.000000]
    emissionVectorInverted: true
    name: "dust"
    radius: 2.000000
    shortEffect: false
    size: [0.000000, 0.000000, 0.000000]
    type: "point"
layer0:
    activeLODS: [0, 1, 0, 0]
    alphaOverLife: [0.000000, 0.000000, 0.096400, 0.689300, 0.646100, 0.542200, 0.990000, 0.000000]
    angle: 180.000000
    angleVariation: 180.000000
    blending: 1
    colorOverLife: [97.984436, 85.042801, 72.101166, 255.000000]
    degradeStrategy: 2
    deltaTime: 0.000000
    deltaVariation: 0.000000
    effectFormat: 1
    enableFog: true
    enableFrameBlend: false
    endTime: 0.200000
    force0: [0.000000, [0.000000, 0.000000, -0.366400], 0.330000, [0.010000, 0.010000, 0.358500], 0.900000, [0.000000, 0.000000, -0.340600]]
    forceCount: 1
    frameOverLifeEnabled: false
    frameOverLifeFPS: 0.000000
    inheritPosition: false
    isLong: false
    isLooped: false
    layerType: "particles"
    life: 3.000000
    lifeVariation: 2.000000
    loopEndTime: 0.000000
    loopSpriteAnimation: true
    loopVariation: 0.000000
    name: "dust"
    number: 15.000000
    particleOrientation: 1
    pivotPoint: [0.000000, 0.000000]
    randomFrameOnStart: false
    randomSpinDirection: false
    scaleVelocityBase: 1.000000
    scaleVelocityFactor: 0.000000
    size: [0.500000, 0.500000]
    sizeOverLifeXY: [0.000000, [3.000000, 3.000000], 0.900000, [2.000000, 2.000000]]
    sizeVariation: [0.500000, 0.500000]
    sprite: "../../../../Data/Gfx/Particles/alpha/fog_white"
    startTime: 0.000000
    type: "layer"
    velocity: 1.000000
    velocityOverLife: [0.000000, 0.215000, 0.179000, 0.178100, 0.420000, 0.000000, 0.900000, 0.000000]
    velocityVariation: 1.000000
