emitter:
    emissionRange: 120.000000
    emissionVector: [0.000000, 0.000000, -1.000000]
    emissionVectorInverted: true
    name: "steam"
    shortEffect: false
    size: [0.000000, 1.300000, 1.500000]
    type: "point"
layer0:
    activeLODS: [1, 1, 0, 0]
    alphaOverLife: [0.000000, 0.000000, 0.422908, 0.180520, 0.990000, 0.000000]
    angle: 1.000000
    angleVariation: 360.000000
    blending: 1
    degradeStrategy: 0
    deltaTime: 0.000000
    deltaVariation: 0.000000
    effectFormat: 1
    enableFog: false
    enableFrameBlend: false
    endTime: 1000.000000
    frameOverLifeEnabled: false
    frameOverLifeFPS: 0.000000
    inheritPosition: false
    isLong: false
    isLooped: false
    layerType: "particles"
    life: 0.800000
    loopEndTime: 100.000000
    loopSpriteAnimation: true
    loopVariation: 0.000000
    name: "steam"
    number: 40.000000
    particleOrientation: 1
    pivotPoint: [0.000000, 0.000000]
    randomFrameOnStart: false
    randomSpinDirection: false
    scaleVelocityBase: 1.000000
    scaleVelocityFactor: 0.000000
    size: [0.400000, 0.400000]
    sizeOverLifeXY: [0.000000, [0.200000, 0.200000], 0.990000, [1.300000, 1.300000]]
    spin: 180.000000
    spinVariation: 180.000000
    sprite: "../../../../Data/Gfx/Particles/alpha/fog_white"
    startTime: 0.000000
    type: "layer"
    velocity: 0.400000
    velocityVariation: 0.400000
