emitter:
    emissionAngle: 0.000000
    emissionRange: 0.000000
    emissionVector: [0.000000, 0.000000, -1.000000]
    emissionVectorInverted: true
    name: "fish"
    shortEffect: false
    size: [0.000000, 0.000000, 0.000000]
    type: "shockwave"
layer0:
    activeLODS: [0, 1, 1, 0]
    alphaOverLife: [0.000000, 0.000000, 0.381279, 0.562926, 0.826200, 0.554600, 1.000000, 0.000000]
    angle: 90.000000
    blending: 1
    colorOverLife: [177.303497, 255.000000, 252.408554, 255.000000]
    degradeStrategy: 0
    deltaTime: 0.000000
    deltaVariation: 0.000000
    effectFormat: 1
    enableFog: true
    enableFrameBlend: false
    endTime: 100.000000
    force0: [0.010000, 0.000000, 0.000000]
    forceCount: 1
    frameOverLifeEnabled: false
    frameOverLifeFPS: 0.000000
    inheritPosition: false
    isLong: true
    isLooped: false
    layerType: "particles"
    life: 8.000000
    loopEndTime: 100.000000
    loopSpriteAnimation: false
    loopVariation: 0.000000
    name: "fish"
    number: 1.000000
    particleOrientation: 8
    pivotPoint: [0.000000, 0.000000]
    randomFrameOnStart: false
    randomSpinDirection: false
    scaleVelocityBase: 1.000000
    scaleVelocityFactor: 1.000000
    size: [0.300000, 0.200000]
    sprite: "../../../Gfx/Particles/20_lake_lk/fish"
    startTime: 0.000000
    type: "layer"
    velocity: 1.000000
    velocityVariation: 1.000000
