emitter:
    emissionAngle: 0.000000
    emissionRange: 120.000000
    emissionVector: [0.000000, 0.000000, 0.700000]
    emissionVectorInverted: true
    name: "debris"
    shortEffect: false
    size: [3.000000, 0.000000, 0.300000]
    type: "rect"
layer0:
    activeLODS: [0, 1, 0, 0]
    angle: 180.000000
    blending: 1
    colorOverLife: [85.000000, 48.000000, 46.000000, 255.000000]
    degradeStrategy: 0
    deltaTime: 0.000000
    deltaVariation: 0.000000
    effectFormat: 1
    enableFog: true
    enableFrameBlend: false
    endTime: 0.300000
    force0: [0.000000, 0.000000, -1.000000]
    forceCount: 1
    forceOverLife0: [0.000000, 0.000000, 0.990000, 30.000000]
    frameOverLifeEnabled: false
    frameOverLifeFPS: 20.000000
    inheritPosition: false
    isLong: false
    isLooped: false
    layerType: "particles"
    life: 4.000000
    loopEndTime: 0.000000
    loopSpriteAnimation: true
    loopVariation: 0.000000
    name: "debris_wood"
    number: 30.000000
    particleOrientation: 1
    pivotPoint: [0.000000, 0.000000]
    randomFrameOnStart: false
    randomSpinDirection: true
    scaleVelocityBase: 1.000000
    scaleVelocityFactor: 0.000000
    size: [0.500000, 0.050000]
    sizeVariation: [1.000000, 0.050000]
    spin: 120.000000
    spinVariation: 60.000000
    sprite: "../../../../Data/Gfx/Particles/alpha/flinders"
    startTime: 0.000000
    type: "layer"
    velocity: 3.000000
    velocityOverLife: [0.000000, 1.000000, 0.480000, 0.300000, 0.990000, 1.003400]
    velocityVariation: 2.000000
