emitter:
    emissionAngle: 0.000000
    emissionRange: 1.000000
    emissionVector: [1.000000, 0.000000, 0.000000]
    emissionVectorInverted: true
    name: "Particle Emitter7"
    radius: 3.000000
    shortEffect: false
    size: [0.000000, 0.000000, 0.000000]
    type: "shockwave"
layer0:
    activeLODS: [1, 1, 1, 1]
    alphaOverLife: [0.000000, 1.000000, 1.000000, 0.000000]
    blending: 3
    colorOverLife: [250.766541, 255.000000, 0.996109, 255.000000]
    degradeStrategy: 0
    deltaTime: 0.000000
    deltaVariation: 0.000000
    effectFormat: 1
    enableFog: true
    enableFrameBlend: false
    endTime: 2.000000
    force0: [0.000000, 0.000000, -2.000000]
    forceCount: 1
    forceOverLife0: [0.000000, 0.000000, 0.057700, 0.912500, 0.323700, 0.935900, 1.000000, 1.000000]
    frameOverLifeEnabled: false
    frameOverLifeFPS: 4.000000
    inheritPosition: true
    isLong: false
    isLooped: false
    layerType: "single"
    life: 1.000000
    lifeVariation: 1.000000
    loopEndTime: 10.000000
    loopSpriteAnimation: true
    loopVariation: 0.000000
    name: "fire_spawn7"
    number: 16.000000
    particleOrientation: 1
    pivotPoint: [0.000000, 0.000000]
    randomFrameOnStart: false
    randomSpinDirection: true
    scaleVelocityBase: 0.000000
    scaleVelocityFactor: 0.000000
    size: [0.500000, 0.500000]
    sprite: "../../../Gfx/Particles/hangar_ny_2017/o2_expGlow"
    startTime: 1.000000
    type: "layer"
    velocity: 1.000000
