emitter:
    emissionAngle: 60.000000
    emissionRange: 90.000000
    emissionVector: [1.000000, -0.010000, 0.000000]
    emissionVectorInverted: true
    name: "dust"
    radius: 2.000000
    shortEffect: false
    size: [0.000000, 0.000000, 0.000000]
    type: "point"
layer0:
    activeLODS: [0, 1, 0, 0]
    alphaOverLife: [0.000000, 0.000000, 0.050000, 1.000000, 0.424700, 0.484700, 0.799300, 0.000000, 0.990000, 0.000000]
    angle: 180.000000
    angleVariation: 180.000000
    blending: 1
    colorOverLife: [131.000000, 109.610893, 72.661476, 255.000000]
    degradeStrategy: 2
    deltaTime: 0.000000
    deltaVariation: 0.000000
    effectFormat: 1
    enableFog: true
    enableFrameBlend: false
    endTime: 0.300000
    force0: [0.000000, [0.000000, 0.000000, -2.000000], 0.300000, [0.010000, 0.000000, 0.000000], 0.900000, [0.000000, 0.000000, -0.938700]]
    forceCount: 1
    frameOverLifeEnabled: false
    frameOverLifeFPS: 0.000000
    inheritPosition: false
    isLong: false
    isLooped: false
    layerType: "particles"
    life: 5.000000
    loopEndTime: 5.000000
    loopSpriteAnimation: false
    loopVariation: 0.000000
    name: "dust"
    number: 20.000000
    particleOrientation: 1
    pivotPoint: [0.000000, 0.000000]
    randomFrameOnStart: false
    randomSpinDirection: false
    scaleVelocityBase: 1.000000
    scaleVelocityFactor: 0.000000
    size: [0.500000, 0.500000]
    sizeOverLifeXY: [0.000000, [3.445100, 3.445100], 0.355700, [3.504900, 3.504900], 0.900000, [4.240400, 4.240400]]
    sizeVariation: [1.000000, 1.000000]
    spin: [0.000000, 5.000000, 0.300000, 0.000000]
    spinOverLife: [0.000000, 1.000000, 0.300000, 0.000000]
    sprite: "../../../../Data/Gfx/Particles/alpha/explosion_smoke_white"
    startTime: 0.000000
    type: "layer"
    velocity: 0.500000
    velocityOverLife: [0.000000, 2.000000, 0.052500, 0.587800, 0.420000, 0.100000, 0.896300, 0.131400]
    velocityVariation: 0.500000
