emitter:
    emissionAngle: 0.000000
    emissionRange: 1.000000
    emissionVector: [0.000000, -0.010000, 0.000000]
    emissionVectorInverted: true
    name: "dust_snow_l"
    shortEffect: false
    size: [0.000000, 0.000000, 0.000000]
    type: "point"
layer0:
    activeLODS: [0, 1, 0, 0]
    alphaOverLife: [0.000000, 0.000000, 0.089500, 0.232900, 0.990000, 0.000000]
    angle: 90.000000
    angleVariation: 90.000000
    blending: 1
    colorOverLife: [221.000000, 232.000000, 231.000000, 255.000000]
    degradeStrategy: 2
    deltaTime: 0.000000
    deltaVariation: 0.000000
    effectFormat: 1
    enableFog: true
    enableFrameBlend: false
    endTime: 10000.000000
    force0: [0.000000, 0.000000, 0.200000]
    forceCount: 1
    forceOverLife0: [0.000000, 0.000000, 0.990000, 3.000000]
    frameOverLifeEnabled: false
    frameOverLifeFPS: 0.000000
    inheritPosition: false
    isLong: false
    isLooped: false
    layerType: "particles"
    life: 2.000000
    loopEndTime: 0.000000
    loopSpriteAnimation: true
    loopVariation: 0.000000
    name: "Layer"
    number:
        externalVariable: "Velosity"
        modification_line: [0.000000, 0.000000, 0.997000, 1.000000]
        value_line: 10.000000
    particleOrientation: 1
    pivotPoint: [0.000000, 0.000000]
    randomFrameOnStart: false
    randomSpinDirection: false
    scaleVelocityBase: 1.000000
    scaleVelocityFactor: 0.000000
    size: [1.000000, 1.000000]
    sizeOverLifeXY: [0.000000, [2.000000, 2.000000], 1.000000, [3.000000, 3.000000]]
    spin: 50.000000
    sprite: "../../../../../Data/Gfx/Particles/alpha/fog"
    startTime: 0.000000
    type: "layer"
    velocity: 0.010000
layer1:
    activeLODS: [0, 1, 0, 0]
    alphaOverLife: [0.000000, 0.000000, 0.147400, 0.353300, 0.990000, 0.000000]
    angle: 90.000000
    angleVariation: 90.000000
    blending: 1
    colorOverLife: [221.000000, 232.000000, 231.000000, 255.000000]
    degradeStrategy: 0
    deltaTime: 0.000000
    deltaVariation: 0.000000
    effectFormat: 1
    enableFog: true
    enableFrameBlend: false
    endTime: 10000.000000
    force0: [0.000000, 0.000000, 0.200000]
    forceCount: 1
    forceOverLife0: [0.000000, 0.000000, 0.990000, 3.000000]
    frameOverLifeEnabled: false
    frameOverLifeFPS: 0.000000
    inheritPosition: false
    isLong: false
    isLooped: false
    layerType: "particles"
    life: 2.000000
    loopEndTime: 0.000000
    loopSpriteAnimation: true
    loopVariation: 0.000000
    name: "Layer"
    number:
        externalVariable: "Velosity"
        modification_line: [0.000000, 0.000000, 0.997000, 1.000000]
        value_line: 10.000000
    particleOrientation: 1
    pivotPoint: [0.000000, 0.000000]
    randomFrameOnStart: false
    randomSpinDirection: false
    scaleVelocityBase: 1.000000
    scaleVelocityFactor: 0.000000
    size: [1.000000, 1.000000]
    sizeOverLifeXY: [0.000000, [1.000000, 1.000000], 1.000000, [2.000000, 2.000000]]
    spin: 40.000000
    sprite: "../../../../../Data/Gfx/Particles/alpha/pul_snow"
    startTime: 0.000000
    type: "layer"
    velocity: 0.010000
