emitter:
    emissionAngle: 0.000000
    emissionRange: 30.000000
    emissionVector: [0.000000, -1.000000, 0.000000]
    emissionVectorInverted: true
    name: "Particle Emitter"
    shortEffect: false
    size: [900.000000, 100.000000, 0.000000]
    type: "rect"
layer0:
    activeLODS: [1, 1, 1, 1]
    alphaOverLife: [0.000000, 0.000000, 0.140000, 0.200000, 0.657000, 0.078500, 0.990000, 0.000000]
    angle: 180.000000
    angleVariation: 180.000000
    blending: 1
    colorOverLife: [129.000000, 131.000000, 138.000000, 255.000000]
    degradeStrategy: 0
    deltaTime: 0.000000
    deltaVariation: 0.000000
    effectFormat: 1
    enableFog: true
    enableFrameBlend: false
    endTime: 1000.000000
    frameOverLifeEnabled: false
    frameOverLifeFPS: 0.000000
    inheritPosition: true
    isLong: false
    isLooped: false
    layerType: "particles"
    life: 23.000000
    loopEndTime: 100.000000
    loopSpriteAnimation: true
    loopVariation: 0.000000
    name: "Layer Clone"
    number: 2.000000
    particleOrientation: 1
    pivotPoint: [0.000000, 0.000000]
    randomFrameOnStart: false
    randomSpinDirection: true
    scaleVelocityBase: 1.000000
    scaleVelocityFactor: 0.000000
    size: [1000.000000, 1000.000000]
    spin: 5.000000
    spinVariation: 10.000000
    sprite: "../../../Gfx/Particles/alpha/Fx_DustSpray_two"
    startTime: 0.000000
    type: "layer"
    velocity: 30.000000
layer1:
    activeLODS: [1, 1, 1, 1]
    alphaOverLife: [0.000000, 0.000000, 0.145300, 0.241200, 0.598800, 0.082400, 0.990000, 0.000000]
    blending: 1
    colorOverLife: [157.000000, 157.000000, 168.000000, 255.000000]
    degradeStrategy: 0
    deltaTime: 0.000000
    deltaVariation: 0.000000
    effectFormat: 1
    enableFog: true
    enableFrameBlend: false
    endTime: 1000.000000
    frameOverLifeEnabled: false
    frameOverLifeFPS: 0.000000
    inheritPosition: true
    isLong: false
    isLooped: false
    layerType: "particles"
    life: 23.000000
    loopEndTime: 100.000000
    loopSpriteAnimation: true
    loopVariation: 0.000000
    name: "Layer"
    number: 5.000000
    particleOrientation: 1
    pivotPoint: [0.000000, 0.000000]
    randomFrameOnStart: false
    randomSpinDirection: false
    scaleVelocityBase: 1.000000
    scaleVelocityFactor: 0.000000
    size: [200.000000, 200.000000]
    spin: 5.000000
    spinVariation: 10.000000
    sprite: "../../../Gfx/Particles/alpha/Fx_DustSpray_two"
    startTime: 0.000000
    type: "layer"
    velocity: 30.000000
