emitter:
    emissionAngle: 0.000000
    emissionRange: 90.000000
    emissionVector: [1.000000, -1.000000, 0.000000]
    emissionVectorInverted: true
    name: "Particle Emitter"
    shortEffect: false
    size: [0.000000, 0.000000, 0.000000]
    type: "point"
layer0:
    activeLODS: [1, 1, 1, 1]
    alphaOverLife: [0.000000, 0.000000, 0.197700, 0.000000, 0.232600, 0.590800, 0.403100, 0.000000, 0.580000, 0.000000, 0.746100, 0.596400, 0.951600, 0.611900, 1.000000, 0.000000]
    angle: 0.000000
    angleVariation: 0.000000
    blending: 3
    colorOverLife: [0.000000, [240.000000, 125.000000, 30.000000, 255.000000], 0.990900, [240.000000, 6.000000, 6.000000, 255.000000]]
    degradeStrategy: 0
    deltaTime: 0.500000
    deltaVariation: 0.500000
    effectFormat: 1
    enableFog: true
    enableFrameBlend: false
    endTime: 1.000000
    force0: [5.000000, 0.000000, 0.000000]
    forceCount: 1
    frameOverLifeEnabled: false
    frameOverLifeFPS: 0.000000
    inheritPosition: true
    isLong: true
    isLooped: true
    layerType: "particles"
    life: 5.000000
    loopEndTime: 1000.000000
    loopSpriteAnimation: true
    loopVariation: 0.500000
    name: "Layer1"
    number: 3.000000
    particleOrientation: 1
    pivotPoint: [0.000000, 0.000000]
    randomFrameOnStart: false
    randomSpinDirection: false
    scaleVelocityBase: 1.000000
    scaleVelocityFactor: 0.002000
    size: [1.000000, 8.000000]
    sizeVariation: [2.000000, 7.000000]
    sprite: "../../../Gfx/Particles/alpha/Iskr"
    startTime: 0.000000
    type: "layer"
    velocity: 100.000000
    velocityVariation: 50.000000
layer1:
    activeLODS: [1, 1, 1, 1]
    alphaOverLife: [0.000000, 0.000000, 0.244200, 0.000000, 0.292600, 0.528300, 0.562000, 0.527100, 0.728700, 0.003900, 1.000000, 0.000000]
    angle: 0.000000
    angleVariation: 0.000000
    blending: 3
    colorOverLife: [0.000000, [255.000000, 116.000000, 111.000000, 255.000000], 0.990900, [240.000000, 157.000000, 41.000000, 255.000000]]
    degradeStrategy: 0
    deltaTime: 1.000000
    deltaVariation: 1.500000
    effectFormat: 1
    enableFog: true
    enableFrameBlend: false
    endTime: 1.000000
    force0: [5.000000, 0.000000, 0.000000]
    forceCount: 1
    frameOverLifeEnabled: false
    frameOverLifeFPS: 0.000000
    inheritPosition: true
    isLong: true
    isLooped: true
    layerType: "particles"
    life: 5.000000
    loopEndTime: 1000.000000
    loopSpriteAnimation: true
    loopVariation: 1.000000
    name: "Layer1 Clone"
    number: 3.000000
    particleOrientation: 1
    pivotPoint: [0.000000, 0.000000]
    randomFrameOnStart: false
    randomSpinDirection: false
    scaleVelocityBase: 1.000000
    scaleVelocityFactor: 0.002000
    size: [1.000000, 8.000000]
    sizeVariation: [2.000000, 7.000000]
    sprite: "../../../Gfx/Particles/alpha/Iskr"
    startTime: 0.000000
    type: "layer"
    velocity: 100.000000
    velocityVariation: 50.000000
