emitter:
    emissionRange: 180.000000
    emissionVector: [0.000000, 0.000000, 1.000000]
    emissionVectorInverted: true
    name: "glow1"
    radius: 30.000000
    shortEffect: false
    size: [0.000000, 0.000000, 0.000000]
    type: "oncircle"
layer0:
    activeLODS: [1, 1, 1, 1]
    alphaOverLife: [0.000000, 0.000000, 0.474806, 0.425840, 1.000000, 0.000000]
    angle: 1.000000
    angleVariation: 360.000000
    blending: 3
    colorOverLife: [247.918289, 224.805450, 74.571983, 255.000000]
    degradeStrategy: 0
    deltaTime: 0.000000
    deltaVariation: 0.000000
    effectFormat: 1
    enableFog: false
    enableFrameBlend: false
    endTime: 1000.000000
    frameOverLifeEnabled: false
    frameOverLifeFPS: 4.000000
    inheritPosition: true
    isLong: false
    isLooped: false
    layerType: "particles"
    life: 2.000000
    loopEndTime: 100.000000
    loopSpriteAnimation: false
    loopVariation: 0.000000
    name: "snow Clone"
    number: 2.000000
    numberVariation: 2.000000
    particleOrientation: 1
    pivotPoint: [0.000000, 0.000000]
    randomFrameOnStart: true
    randomSpinDirection: true
    scaleVelocityBase: 1.000000
    scaleVelocityFactor: 0.010000
    size: [1.000000, 1.000000]
    sizeOverLifeXY: [0.000000, [5.305300, 5.305300], 0.510000, [6.000000, 6.000000], 1.000000, [4.364100, 4.364100]]
    sizeVariation: [1.000000, 1.000000]
    spin: 30.000000
    spinVariation: 15.000000
    sprite: "../../../../Data/Gfx/Particles/UI/glow_blur"
    startTime: 0.000000
    type: "layer"
    velocity: 7.000000
    velocityVariation: 15.000000
