emitter:
    emissionAngle: 0.000000
    emissionRange: 30.000000
    emissionVector: [0.000000, 1.000000, 0.000000]
    emissionVectorInverted: true
    name: "snow"
    radius: 700.000000
    shortEffect: false
    size: [70.000000, 0.000000, 1.000000]
    type: "rect"
layer0:
    activeLODS: [1, 1, 1, 1]
    alphaOverLife: [0.000000, 0.000000, 0.102713, 0.000000, 0.465116, 0.878615, 1.000000, 0.000000]
    angle: 1.000000
    angleVariation: 360.000000
    blending: 3
    colorOverLife: [228.548630, 242.108948, 247.918289, 255.000000]
    degradeStrategy: 0
    deltaTime: 0.000000
    deltaVariation: 0.000000
    effectFormat: 1
    enableFog: false
    enableFrameBlend: false
    endTime: 1000.000000
    frameOverLifeEnabled: false
    frameOverLifeFPS: 0.000000
    inheritPosition: true
    isLong: false
    isLooped: false
    layerType: "particles"
    life: 2.000000
    loopEndTime: 100.000000
    loopSpriteAnimation: true
    loopVariation: 0.000000
    name: "snow"
    number: 6.000000
    numberVariation: 2.000000
    particleOrientation: 1
    pivotPoint: [0.000000, 0.000000]
    randomFrameOnStart: false
    randomSpinDirection: true
    scaleVelocityBase: 1.000000
    scaleVelocityFactor: 0.010000
    size: [0.500000, 0.500000]
    sizeOverLifeXY: [0.000000, [5.305300, 5.305300], 0.510000, [6.000000, 6.000000], 1.000000, [4.364100, 4.364100]]
    sizeVariation: [1.000000, 1.000000]
    spin: 30.000000
    spinVariation: 15.000000
    sprite: "../../../../Data/Gfx/Particles/UI/Blur11"
    startTime: 0.000000
    type: "layer"
    velocity: 35.000000
    velocityVariation: 15.000000
