emitter:
    emissionAngle: 0.000000
    emissionRange: 30.000000
    emissionVector: [-0.800000, -1.000000, -1.000000]
    emissionVectorInverted: true
    name: "flash_top"
    shortEffect: false
    size: [0.000000, 0.000000, 0.000000]
    type: "point"
layer0:
    activeLODS: [1, 1, 1, 1]
    alphaOverLife: [0.000000, 0.040000, 1.000000, 0.000000]
    angle: 180.000000
    blending: 3
    degradeStrategy: 0
    deltaTime: 0.000000
    deltaVariation: 0.000000
    effectFormat: 1
    enableFog: false
    enableFrameBlend: true
    endTime: 0.100000
    frameOverLifeEnabled: true
    frameOverLifeFPS: 64.000000
    inheritPosition: true
    isLong: true
    isLooped: false
    layerType: "particles"
    life: 0.200000
    loopEndTime: 4.000000
    loopSpriteAnimation: true
    loopVariation: 0.000000
    name: "flash"
    number: 100.000000
    particleOrientation: 1
    pivotPoint: [0.000000, 0.000000]
    randomFrameOnStart: false
    randomSpinDirection: false
    scaleVelocityBase: 1.000000
    scaleVelocityFactor: 0.000000
    size: [40.000000, 40.000000]
    sizeOverLifeXY: [0.000000, [0.000000, 0.000000], 0.990000, [6.000000, 6.000000]]
    sprite: "../../../../../../../Data/Gfx/Particles/UI/exp_anim_fire"
    startTime: 0.000000
    type: "layer"
    velocity: 100.000000
layer1:
    activeLODS: [1, 1, 1, 1]
    alphaOverLife: [0.000000, 0.300000, 0.990000, 0.000000]
    angle: 1.000000
    angleVariation: 180.000000
    blending: 3
    degradeStrategy: 0
    deltaTime: 0.000000
    deltaVariation: 0.000000
    effectFormat: 1
    enableFog: false
    enableFrameBlend: true
    endTime: 0.100000
    frameOverLifeEnabled: true
    frameOverLifeFPS: 64.000000
    inheritPosition: true
    isLong: false
    isLooped: false
    layerType: "particles"
    life: 0.200000
    loopEndTime: 4.000000
    loopSpriteAnimation: true
    loopVariation: 0.000000
    name: "flash Clone"
    number: 150.000000
    particleOrientation: 1
    pivotPoint: [0.000000, 0.000000]
    randomFrameOnStart: false
    randomSpinDirection: false
    scaleVelocityBase: 1.000000
    scaleVelocityFactor: 0.000000
    size: [10.000000, 10.000000]
    sizeOverLifeXY: [0.000000, [0.000000, 0.000000], 0.990000, [16.000000, 16.000000]]
    sprite: "../../../../../../../Data/Gfx/Particles/UI/fire"
    startTime: 0.000000
    type: "layer"
    velocity: 100.000000
    velocityVariation: 100.000000
