emitter:
    emissionAngle: 0.000000
    emissionRange: 1.000000
    emissionVector: [0.000000, -1.000000, 0.000000]
    emissionVectorInverted: true
    name: "brick"
    shortEffect: false
    size: [1.000000, 0.000000, 0.000000]
    type: "rect"
layer0:
    activeLODS: [1, 1, 1, 0]
    blending: 1
    colorOverLife: [249.000000, 255.000000, 255.000000, 255.000000]
    degradeStrategy: 0
    deltaTime: 0.000000
    deltaVariation: 0.000000
    effectFormat: 1
    enableFog: true
    enableFrameBlend: false
    endTime: 1000.000000
    force0: [0.000000, 0.000000, -2.000000]
    forceCount: 1
    forceOverLife0: [0.000000, 0.000000, 0.810000, 0.000000, 0.826200, 2.992400]
    frameOverLifeEnabled: false
    frameOverLifeFPS: 0.000000
    inheritPosition: false
    isLong: false
    isLooped: false
    layerType: "particles"
    life: 30.000000
    loopEndTime: 100.000000
    loopSpriteAnimation: true
    loopVariation: 0.000000
    name: "brick"
    number: 5.000000
    numberVariation: 5.000000
    particleOrientation: 1
    pivotPoint: [0.000000, 0.000000]
    randomFrameOnStart: true
    randomSpinDirection: true
    scaleVelocityBase: 1.000000
    scaleVelocityFactor: 0.000000
    size: [0.100000, 0.100000]
    sizeVariation: [0.150000, 0.150000]
    spin: 140.000000
    spinOverLife: [0.000000, 0.000000, 0.820000, 0.000000, 0.830000, 1.000000]
    spinVariation: 90.000000
    sprite: "../../../Gfx/Particles/alpha/concrete_debris_anim_one"
    startTime: 0.000000
    type: "layer"
    velocity: 1.000000
