emitter:
    emissionAngle: 1.000000
    emissionRange: 10.000000
    emissionVector: [0.000000, 0.000000, 1.000000]
    emissionVectorInverted: true
    name: "smoke"
    radius: 0.300000
    shortEffect: false
    size: [1.000000, 1.200000, 0.000000]
    type: "oncircle"
layer0:
    activeLODS: [1, 1, 1, 1]
    alphaOverLife: [0.000000, 1.000000, 1.000000, 0.000000]
    angle: 1.000000
    angleVariation: 360.000000
    blending: 1
    colorOverLife: [183.280151, 192.330734, 217.221786, 255.000000]
    degradeStrategy: 0
    deltaTime: 0.500000
    deltaVariation: 0.500000
    effectFormat: 1
    enableFog: true
    enableFrameBlend: false
    endTime: 6.000000
    force0: [0.500000, 0.000000, 0.000000]
    forceCount: 1
    forceOverLife0: [0.000000, 0.000000, 0.996296, 0.094049]
    frameOverLifeEnabled: false
    frameOverLifeFPS: 10.000000
    inheritPosition: false
    isLong: false
    isLooped: true
    layerType: "particles"
    life: 40.000000
    lifeVariation: 10.000000
    loopEndTime: 1000.000000
    loopSpriteAnimation: false
    loopVariation: 0.500000
    name: "smoke"
    number: 2.000000
    numberVariation: 2.000000
    particleOrientation: 1
    pivotPoint: [0.000000, 0.000000]
    randomFrameOnStart: false
    randomSpinDirection: true
    scaleVelocityBase: 1.000000
    scaleVelocityFactor: 0.000000
    size: [0.500000, 0.500000]
    sizeOverLifeXY: [0.000000, [1.028671, 1.028671], 1.000000, [8.681533, 8.681533]]
    sizeVariation: [0.500000, 0.500000]
    spin: 5.000000
    spinVariation: 5.000000
    sprite: "../../../Gfx/Particles/alpha/explosion_smoke_white"
    startTime: 0.000000
    type: "layer"
    velocity: 0.200000
    velocityOverLife: [0.000000, 1.000000, 0.135755, 1.005255, 0.525813, 1.019792, 1.000000, 0.100000]
    velocityVariation: 0.200000
