emitter:
    emissionAngle: 0.000000
    emissionRange: 120.000000
    emissionVector: [0.000000, -1.000000, 0.000000]
    emissionVectorInverted: true
    name: "dust"
    shortEffect: false
    size: [1000.000000, 0.000000, 300.000000]
    type: "rect"
layer0:
    activeLODS: [1, 1, 1, 1]
    alphaOverLife: [0.000000, 0.000000, 0.214700, 0.200900]
    blending: 3
    colorOverLife: [179.000000, 174.000000, 162.000000, 255.000000]
    degradeStrategy: 0
    deltaTime: 0.000000
    deltaVariation: 0.000000
    effectFormat: 1
    enableFog: false
    enableFrameBlend: false
    endTime: 1000.000000
    frameOverLifeEnabled: false
    frameOverLifeFPS: 0.000000
    inheritPosition: false
    isLong: false
    isLooped: false
    layerType: "particles"
    life: 8.000000
    lifeVariation: 3.000000
    loopEndTime: 100.000000
    loopSpriteAnimation: true
    loopVariation: 0.000000
    name: "dust"
    number: 10.000000
    particleOrientation: 1
    pivotPoint: [0.000000, 0.000000]
    randomFrameOnStart: false
    randomSpinDirection: false
    scaleVelocityBase: 1.000000
    scaleVelocityFactor: 0.000000
    size: [1.000000, 1.000000]
    sizeOverLifeXY: [0.000000, [3.000000, 3.000000], 0.230600, [1.233600, 1.233600]]
    sizeVariation: [3.000000, 3.000000]
    sprite: "../../../../Gfx/Particles/UI/fog"
    startTime: 0.000000
    type: "layer"
    velocity: 10.000000
    velocityVariation: 10.000000
