emitter:
    emissionAngle: 0.000000
    emissionRange: 120.000000
    emissionVector: [0.000000, 0.000000, -1.000000]
    emissionVectorInverted: true
    name: "pul"
    shortEffect: false
    size: [15.000000, 20.000000, 10.000000]
    type: "rect"
layer0:
    activeLODS: [1, 1, 1, 1]
    alphaOverLife: [0.000000, 0.000000, 0.080000, 0.600000, 0.202700, 0.000000, 0.326500, 0.000000, 0.510000, 0.500000, 0.610000, 0.500000, 0.728500, 0.000000, 0.840000, 0.500000, 0.902100, 0.216400, 1.000000, 0.000000]
    angle: 10.000000
    angleVariation: 180.000000
    blending: 3
    colorOverLife: [225.000000, 233.000000, 255.000000, 255.000000]
    degradeStrategy: 0
    deltaTime: 0.000000
    deltaVariation: 0.000000
    effectFormat: 1
    enableFog: true
    enableFrameBlend: false
    endTime: 1000000.000000
    frameOverLifeEnabled: false
    frameOverLifeFPS: 0.000000
    inheritPosition: false
    isLong: false
    isLooped: false
    layerType: "particles"
    life: 20.000000
    loopEndTime: 0.000000
    loopSpriteAnimation: true
    loopVariation: 0.000000
    name: "pul"
    number: 40.000000
    particleOrientation: 1
    pivotPoint: [0.000000, 0.000000]
    randomFrameOnStart: false
    randomSpinDirection: false
    scaleVelocityBase: 1.000000
    scaleVelocityFactor: 0.000000
    size: [0.050000, 0.050000]
    spin: 10.000000
    sprite: "../../../Gfx/Particles/hangar_ny_2017/Blur11"
    startTime: 0.000000
    type: "layer"
    velocity: 1.000000
    velocityVariation: 1.000000
