emitter:
    emissionAngle: 1.000000
    emissionRange: 10.000000
    emissionVector: [0.200000, -0.300000, 0.000000]
    emissionVectorInverted: true
    name: "church_smoke"
    radius: 1.000000
    shortEffect: false
    size: [0.000000, 1.200000, 0.000000]
    type: "point"
layer0:
    activeLODS: [1, 1, 1, 1]
    alphaOverLife: [0.000000, 0.000000, 0.078300, 0.000000, 0.153100, 0.339400, 0.654100, 0.253900, 0.980000, 0.000000]
    angleVariation: 120.000000
    blending: 1
    colorOverLife: [0.001500, [59.000000, 62.000000, 58.000000, 255.000000], 0.997600, [142.688705, 135.809296, 140.968903, 255.000000]]
    degradeStrategy: 0
    deltaTime: 0.000000
    deltaVariation: 0.000000
    effectFormat: 1
    enableFog: true
    enableFrameBlend: false
    endTime: 10000.000000
    forceCount: 1
    frameOverLifeEnabled: false
    frameOverLifeFPS: 10.000000
    inheritPosition: true
    isLong: false
    isLooped: false
    layerType: "particles"
    life: 6.000000
    lifeVariation: 2.000000
    loopEndTime: 0.000000
    loopSpriteAnimation: true
    loopVariation: 0.000000
    name: "smoke1"
    number: 2.000000
    numberVariation: 3.000000
    particleOrientation: 1
    pivotPoint: [0.000000, 0.000000]
    randomFrameOnStart: false
    randomSpinDirection: false
    scaleVelocityBase: 1.000000
    scaleVelocityFactor: 0.000000
    size: [25.000000, 25.000000]
    sizeOverLifeXY: [0.000000, [0.000000, 0.000000], 0.990000, [4.000000, 4.000000]]
    sizeVariation: [0.000000, [2.000000, 2.000000], 7.190000, [2.000000, 2.000000]]
    spinVariation: -8.000000
    sprite: "../../../../../Data/Gfx/Particles/UI/Fx_DustSpray_two"
    startTime: 0.000000
    type: "layer"
    velocity: 20.000000
    velocityVariation: 20.000000
layer1:
    activeLODS: [1, 1, 1, 1]
    alphaOverLife: [0.000000, 0.000000, 0.050800, 0.000000, 0.094800, 0.087300, 0.161000, 0.180900, 0.439400, 0.128700, 0.664000, 0.095100, 0.877500, 0.029200, 1.000000, 0.000000]
    angleVariation: 120.000000
    blending: 1
    colorOverLife: [90.303497, 90.338501, 82.062302, 255.000000]
    degradeStrategy: 0
    deltaTime: 0.000000
    deltaVariation: 0.000000
    effectFormat: 1
    enableFog: true
    enableFrameBlend: true
    endTime: 10000.000000
    forceCount: 1
    frameOverLifeEnabled: true
    frameOverLifeFPS: 6.000000
    inheritPosition: true
    isLong: false
    isLooped: false
    layerType: "particles"
    life: [0.000000, 2.000000, 7.000000, 2.000000]
    lifeVariation: [0.000000, 2.000000, 7.000000, 2.000000]
    loopEndTime: 0.000000
    loopSpriteAnimation: false
    loopVariation: 0.000000
    name: "smoke3"
    number: [0.000000, 5.000000, 44.607800, 5.000000]
    numberVariation: 5.000000
    particleOrientation: 1
    pivotPoint: [0.000000, 0.000000]
    randomFrameOnStart: false
    randomSpinDirection: false
    scaleVelocityBase: 1.000000
    scaleVelocityFactor: 0.000000
    size: [25.000000, 25.000000]
    sizeOverLifeXY: [0.000000, [0.483200, 0.483200], 0.179700, [0.636600, 0.636600], 1.000000, [1.297900, 1.297900]]
    sizeVariation: [1.000000, 1.000000]
    sprite: "../../../../../Data/Gfx/Particles/UI/dum_anim"
    startTime: 0.000000
    type: "layer"
    velocity: 20.000000
    velocityVariation: 20.000000
