emitter:
    emissionAngle: 0.000000
    emissionRange: 60.000000
    emissionVector: [0.100000, -1.000000, 0.000000]
    emissionVectorInverted: true
    name: "fire_debris"
    shortEffect: false
    size: [50.000000, 0.000000, 20.000000]
    type: "rect"
layer0:
    activeLODS: [1, 1, 1, 1]
    alphaOverLife: [0.002000, 0.000000, 0.198800, 0.053600, 0.481200, 0.211500, 0.711700, 0.041700, 1.000000, 0.000000]
    angle: 90.000000
    angleVariation: 90.000000
    blending: 1
    colorOverLife: [72.000000, 74.000000, 79.000000, 255.000000]
    degradeStrategy: 0
    deltaTime: 0.000000
    deltaVariation: 0.000000
    effectFormat: 1
    enableFog: true
    enableFrameBlend: false
    endTime: 1000.000000
    frameOverLifeEnabled: false
    frameOverLifeFPS: 0.000000
    inheritPosition: true
    isLong: false
    isLooped: false
    layerType: "particles"
    life: 3.000000
    loopEndTime: 100.000000
    loopSpriteAnimation: true
    loopVariation: 0.000000
    name: "smoke"
    number: 10.000000
    particleOrientation: 1
    pivotPoint: [0.000000, 0.000000]
    randomFrameOnStart: false
    randomSpinDirection: true
    scaleVelocityBase: 1.000000
    scaleVelocityFactor: 0.000000
    size: [35.000000, 35.000000]
    sizeOverLifeXY: [0.000000, [1.000000, 1.000000], 1.000000, [2.000000, 2.000000]]
    sizeVariation: [20.000000, 20.000000]
    spin: 30.000000
    spinVariation: 30.000000
    sprite: "../../../../../Data/Gfx/Particles/UI/fog"
    startTime: 0.000000
    type: "layer"
    velocity: 15.000000
    velocityVariation: 15.000000
layer1:
    activeLODS: [1, 1, 1, 1]
    alphaOverLife: [0.000000, 0.000000, 0.180900, 0.074900, 0.495000, 0.288100, 0.795200, 0.053200, 1.000000, 0.000000]
    angle: 90.000000
    angleVariation: 90.000000
    blending: 3
    colorOverLife: [0.000000, [255.000000, 83.000000, 53.000000, 255.000000], 0.992600, [255.000000, 172.000000, 112.000000, 255.000000]]
    degradeStrategy: 0
    deltaTime: 0.000000
    deltaVariation: 0.000000
    effectFormat: 1
    enableFog: true
    enableFrameBlend: true
    endTime: 1000.000000
    frameOverLifeEnabled: true
    frameOverLifeFPS: 14.000000
    inheritPosition: true
    isLong: false
    isLooped: false
    layerType: "particles"
    life: 1.000000
    loopEndTime: 100.000000
    loopSpriteAnimation: false
    loopVariation: 0.000000
    name: "fire2"
    number: 15.000000
    particleOrientation: 1
    pivotPoint: [0.000000, 0.000000]
    randomFrameOnStart: false
    randomSpinDirection: true
    scaleVelocityBase: 1.000000
    scaleVelocityFactor: 0.000000
    size: [25.000000, 25.000000]
    sizeVariation: [20.000000, 20.000000]
    spin: 30.000000
    spinVariation: 30.000000
    sprite: "../../../../../Data/Gfx/Particles/UI/o2_fire_anim"
    startTime: 0.000000
    type: "layer"
    velocity: 8.000000
    velocityVariation: 8.000000
