emitter:
    emissionRange: 60.000000
    emissionVector: [1.000000, -1.000000, 0.000000]
    emissionVectorInverted: true
    name: "sparks_\nleft1"
    shortEffect: false
    size: [0.000000, 0.000000, 0.000000]
    type: "rect"
layer0:
    activeLODS: [1, 1, 1, 1]
    alphaOverLife: [0.000000, 0.000000, 0.198095, 0.458202, 0.291429, 0.169535, 0.413333, 0.370685, 0.598095, 0.401141, 1.000000, 0.000000]
    angle: 1.000000
    angleVariation: 360.000000
    blending: 3
    colorOverLife: [255.000000, 55.696499, 10.957198, 255.000000]
    degradeStrategy: 0
    deltaTime: 0.000000
    deltaVariation: 0.000000
    effectFormat: 1
    enableFog: false
    enableFrameBlend: false
    endTime: 0.150000
    frameOverLifeEnabled: false
    frameOverLifeFPS: 0.000000
    inheritPosition: true
    isLong: false
    isLooped: false
    layerType: "particles"
    life: 0.500000
    lifeVariation: 0.200000
    loopEndTime: 100.000000
    loopSpriteAnimation: true
    loopVariation: 0.000000
    name: "sparks"
    number: 100.000000
    particleOrientation: 1
    pivotPoint: [6.000000, -6.000000]
    randomFrameOnStart: true
    randomSpinDirection: true
    scaleVelocityBase: 1.000000
    scaleVelocityFactor: 0.002000
    size: [8.000000, 8.000000]
    sizeVariation: [3.000000, 3.000000]
    spin: 200.000000
    spinVariation: 300.000000
    sprite: "../../../../Gfx/Particles/UI/Tournaments/sparks"
    startTime: 0.000000
    type: "layer"
    velocity: 200.000000
    velocityVariation: 300.000000
