emitter:
    emissionAngle: 0.000000
    emissionRange: 120.000000
    emissionVector: [0.000000, 0.000000, 1.000000]
    emissionVectorInverted: true
    name: "sparks"
    shortEffect: false
    size: [0.000000, 0.000000, 0.000000]
    type: "point"
layer0:
    activeLODS: [1, 0, 0, 0]
    alphaOverLife: 0.500000
    blending: 2
    colorRandom: [255.000000, 136.751007, 90.000000, 255.000000]
    degradeStrategy: 0
    deltaTime: 0.000000
    deltaVariation: 0.000000
    effectFormat: 1
    enableFog: true
    enableFrameBlend: false
    endTime: 0.100000
    force0: [0.000000, 0.000000, -50.000000]
    forceCount: 1
    frameOverLifeEnabled: false
    frameOverLifeFPS: 0.000000
    inheritPosition: false
    isLong: true
    isLooped: false
    layerType: "particles"
    life: 0.500000
    loopEndTime: 6.000000
    loopSpriteAnimation: true
    loopVariation: 0.000000
    name: "sparks"
    number: 700.000000
    particleOrientation: 1
    pivotPoint: [0.000000, 0.000000]
    randomFrameOnStart: false
    randomSpinDirection: false
    scaleVelocityBase: 0.100000
    scaleVelocityFactor: 0.400000
    size: [0.005000, 0.015000]
    sizeVariation: [0.005000, 0.010000]
    sprite: "../../../../../Data/Gfx/Particles/alpha/o2_expGlowB"
    startTime: 0.000000
    type: "layer"
    velocity: 1.000000
    velocityOverLife: [0.000000, 1.000000, 0.093000, 0.560100, 0.996500, 0.507600]
    velocityVariation: 28.000000
layer1:
    activeLODS: [0, 1, 0, 0]
    alphaOverLife: 0.200000
    blending: 2
    colorOverLife: [255.000000, 171.000000, 111.000000, 255.000000]
    degradeStrategy: 0
    deltaTime: 0.000000
    deltaVariation: 0.000000
    effectFormat: 1
    enableFog: true
    enableFrameBlend: false
    endTime: 0.100000
    force0: [0.000000, 0.000000, -50.000000]
    forceCount: 1
    frameOverLifeEnabled: false
    frameOverLifeFPS: 0.000000
    inheritPosition: false
    isLong: true
    isLooped: false
    layerType: "particles"
    life: 1.000000
    lifeVariation: 1.000000
    loopEndTime: 4.000000
    loopSpriteAnimation: true
    loopVariation: 0.000000
    name: "sparks1"
    number: 800.000000
    particleOrientation: 1
    pivotPoint: [0.000000, 0.000000]
    randomFrameOnStart: false
    randomSpinDirection: false
    scaleVelocityBase: 0.000000
    scaleVelocityFactor: 1.000000
    size: [0.010000, 0.010000]
    sizeOverLifeXY: [0.000000, [1.000000, 1.000000], 0.990000, [0.300000, 0.300000]]
    sizeVariation: [0.020000, 0.020000]
    sprite: "../../../../../Data/Gfx/Particles/alpha/o2_expGlowB"
    startTime: 0.000000
    type: "layer"
    velocity: 1.000000
    velocityOverLife: [0.000000, 1.000000, 0.093000, 0.560100, 0.996500, 0.507600]
    velocityVariation: 28.000000
layer2:
    activeLODS: [1, 1, 0, 0]
    alphaOverLife: [0.018900, 1.000000, 1.000000, 0.000000]
    angle: 90.000000
    angleVariation: 90.000000
    blending: 3
    colorOverLife: [255.000000, 147.000000, 38.000000, 255.000000]
    degradeStrategy: 2
    deltaTime: 0.000000
    deltaVariation: 0.000000
    effectFormat: 1
    enableFog: false
    enableFrameBlend: false
    endTime: 0.060000
    frameOverLifeEnabled: false
    frameOverLifeFPS: 60.000000
    inheritPosition: false
    isLong: false
    isLooped: false
    layerType: "particles"
    life: 0.200000
    loopEndTime: 5.000000
    loopSpriteAnimation: false
    loopVariation: 0.000000
    name: "exp"
    number: 200.000000
    particleOrientation: 1
    pivotPoint: [0.000000, 0.000000]
    randomFrameOnStart: false
    randomSpinDirection: false
    scaleVelocityBase: 0.000000
    scaleVelocityFactor: 1.000000
    size: [0.500000, 0.500000]
    sizeOverLifeXY: [0.000000, [0.100000, 0.100000], 1.000000, [4.000000, 4.000000]]
    sprite: "../../../../../Data/Gfx/Particles/alpha/pul"
    startTime: 0.000000
    type: "layer"
    velocity: 1.000000
    velocityVariation: 1.000000
