emitter:
    emissionAngle: 0.000000
    emissionRange: 60.000000
    emissionVector: [0.000000, 0.000000, 1.000000]
    emissionVectorInverted: true
    name: "debris"
    shortEffect: false
    size: [0.000000, 0.000000, 0.000000]
    type: "point"
layer0:
    activeLODS: [1, 1, 0, 0]
    angle: 90.000000
    angleVariation: 90.000000
    blending: 1
    colorOverLife: [75.000000, 71.000000, 58.000000, 255.000000]
    degradeStrategy: 0
    deltaTime: 0.000000
    deltaVariation: 0.000000
    effectFormat: 1
    enableFog: true
    enableFrameBlend: false
    endTime: 0.100000
    force0: [0.000000, 0.000000, -30.000000]
    forceCount: 1
    frameOverLifeEnabled: false
    frameOverLifeFPS: 0.000000
    inheritPosition: false
    isLong: false
    isLooped: false
    layerType: "particles"
    life: 1.000000
    loopEndTime: 6.000000
    loopSpriteAnimation: true
    loopVariation: 0.000000
    name: "debris"
    number: 50.000000
    particleOrientation: 6
    pivotPoint: [0.000000, 0.000000]
    randomFrameOnStart: true
    randomSpinDirection: false
    scaleVelocityBase: 0.100000
    scaleVelocityFactor: 0.100000
    size: [0.100000, 0.100000]
    sizeVariation: [0.050000, 0.050000]
    spin: 400.000000
    spinVariation: 90.000000
    sprite: "../../../../../Data/Gfx/Particles/alpha/fragment_car_one"
    startTime: 0.000000
    type: "layer"
    velocity: 1.000000
    velocityOverLife: [0.000000, 1.000000, 0.093000, 0.560100, 0.996500, 0.507600]
    velocityVariation: 15.000000
