emitter:
    emissionAngle: 0.000000
    emissionRange: 60.000000
    emissionVector: [0.000000, -1.000000, 1.000000]
    emissionVectorInverted: true
    name: "SawMill2"
    shortEffect: false
    size: [0.000000, 1.000000, 0.000000]
    type: "rect"
layer0:
    activeLODS: [0, 1, 1, 0]
    blending: 1
    colorOverLife: [158.000000, 126.000000, 63.000000, 255.000000]
    degradeStrategy: 0
    deltaTime: 0.000000
    deltaVariation: 0.000000
    effectFormat: 1
    enableFog: false
    enableFrameBlend: false
    endTime: 100.000000
    force0: [0.000000, 0.000000, -4.000000]
    forceCount: 1
    frameOverLifeEnabled: false
    frameOverLifeFPS: 0.000000
    inheritPosition: false
    isLong: false
    isLooped: false
    layerType: "particles"
    life: 4.000000
    loopEndTime: 100.000000
    loopSpriteAnimation: true
    loopVariation: 0.000000
    name: "debris1"
    number: 250.000000
    particleOrientation: 1
    pivotPoint: [-3.125000, -1.000000]
    randomFrameOnStart: false
    randomSpinDirection: false
    scaleVelocityBase: 1.000000
    scaleVelocityFactor: 0.000000
    size: [0.005000, 0.005000]
    sizeVariation: [0.025000, 0.025000]
    spin: 300.000000
    spinVariation: 300.000000
    sprite: "../../../Gfx/Particles/alpha/flinders"
    startTime: 0.000000
    type: "layer"
    velocity: 2.000000
layer1:
    activeLODS: [0, 1, 1, 0]
    alphaOverLife: [0.000000, 0.000000, 0.167300, 0.156100, 0.719800, 0.157000]
    blending: 1
    colorOverLife: [148.000000, 118.000000, 58.000000, 255.000000]
    degradeStrategy: 0
    deltaTime: 0.000000
    deltaVariation: 0.000000
    effectFormat: 1
    enableFog: true
    enableFrameBlend: false
    endTime: 100.000000
    force0: [0.000000, 0.000000, -4.000000]
    forceCount: 1
    frameOverLifeEnabled: false
    frameOverLifeFPS: 0.000000
    inheritPosition: false
    isLong: true
    isLooped: false
    layerType: "particles"
    life: 4.000000
    loopEndTime: 100.000000
    loopSpriteAnimation: true
    loopVariation: 0.000000
    name: "dust2"
    number: 20.000000
    particleOrientation: 1
    pivotPoint: [0.000000, 0.000000]
    randomFrameOnStart: false
    randomSpinDirection: false
    scaleVelocityBase: 1.000000
    scaleVelocityFactor: 0.000000
    size: [1.000000, 1.000000]
    sizeOverLifeXY: [0.000000, [1.000000, 1.000000], 0.990000, [6.000000, 6.000000]]
    sizeVariation: [0.025000, 0.025000]
    sprite: "../../../Gfx/Particles/alpha/fog_white"
    startTime: 0.000000
    type: "layer"
    velocity: 1.000000
    velocityVariation: 1.000000
